1 0.0072 9539584
2 0.0072 9580544
3 0.0082 9625600
4 0.0092 9654272
5 0.0103 9695232
6 0.0143 9748480
7 0.0151 9756672
8 0.0122 9801728
9 0.0141 9830400
10 0.0196 9920512
11 0.0176 9920512
12 0.0161 10010624
13 0.0197 9994240
14 0.0183 10063872
15 0.0202 10104832
16 0.0204 10190848
17 0.0213 10178560
18 0.0199 10223616
19 0.0222 10276864
20 0.0259 10358784
21 0.0271 10342400
22 0.0255 10395648
23 0.0288 10530816
24 0.0283 10514432
25 0.0305 10522624
26 0.0323 10604544
27 0.0316 10649600
28 0.0372 10682368
29 0.0348 10743808
30 0.0339 10801152
31 0.0396 10866688
32 0.0369 10907648
33 0.0371 10952704
34 0.0402 11079680
35 0.0439 11116544
36 0.0386 11137024
37 0.0464 11255808
38 0.0418 11218944
39 0.0494 11264000
40 0.0459 11329536
41 0.0456 11411456
42 0.0452 11452416
43 0.0471 11505664
44 0.0534 11608064
45 0.0486 11710464
46 0.0573 11669504
47 0.057 11763712
48 0.0593 11800576
49 0.0566 11878400
50 0.0591 11915264
51 0.0583 11997184
52 0.0577 12115968
53 0.0628 12124160
54 0.0609 12283904
55 0.0624 12242944
56 0.0703 12427264
57 0.0685 12439552
58 0.0724 12570624
59 0.0679 12685312
60 0.0716 12701696
61 0.0721 12681216
62 0.0733 12800000
63 0.0718 12828672
64 0.074 12877824
65 0.0785 13029376
66 0.0755 13058048
67 0.0832 13234176
68 0.0781 13238272
69 0.0827 13443072
70 0.0883 13443072
71 0.0933 13615104
72 0.0829 13574144
73 0.0933 13623296
74 0.0888 13725696
75 0.0893 13815808
76 0.0912 13893632
77 0.0923 13991936
78 0.104 14057472
79 0.1119 14163968
80 0.1014 14127104
81 0.0975 14360576
82 0.0989 14299136
83 0.1003 14360576
84 0.1035 14462976
85 0.1033 14598144
86 0.1057 14721024
87 0.1059 14811136
88 0.1099 14970880
89 0.1049 14934016
90 0.1129 15097856
91 0.1166 15245312
92 0.1187 15233024
93 0.1219 15405056
94 0.1241 15462400
95 0.119 15499264
96 0.1284 15597568
97 0.1232 15577088
98 0.1293 15908864
99 0.1221 15851520
100 0.1292 16056320
101 0.1347 16162816
102 0.1353 16216064
103 0.1392 16396288
104 0.1353 16420864
105 0.137 16527360
106 0.141 16429056
107 0.1362 16519168
108 0.14 16678912
109 0.1456 16900096
110 0.155 16850944
111 0.1456 16867328
112 0.1475 16977920
113 0.1521 17158144
114 0.1569 17383424
115 0.1534 17502208
116 0.1546 17367040
117 0.1564 17666048
118 0.1576 17600512
119 0.1619 17952768
120 0.16 17797120
121 0.1653 18161664
122 0.1673 18305024
123 0.1717 18386944
124 0.1749 18501632
125 0.1702 18350080
126 0.178 18579456
127 0.1715 18845696
128 0.1771 18919424
129 0.1842 19083264
130 0.1919 19124224
131 0.186 19152896
132 0.1786 19423232
133 0.1874 19496960
134 0.1886 19632128
135 0.1919 19685376
136 0.1942 19968000
137 0.1951 20025344
138 0.2052 20115456
139 0.2023 20185088
140 0.1983 20070400
141 0.2029 20426752
142 0.2099 20402176
143 0.2033 20676608
144 0.2149 20602880
145 0.2079 20627456
146 0.2133 20840448
147 0.2129 21118976
148 0.2083 20996096
149 0.2297 21352448
150 0.2234 21352448
151 0.221 21540864
152 0.2285 21651456
153 0.2187 21544960
154 0.2389 21884928
155 0.2334 21811200
156 0.2441 22102016
157 0.2429 22003712
158 0.2932 22294528
159 0.2441 22507520
160 0.2457 22601728
161 0.2414 22679552
162 0.2631 22691840
163 0.2535 22917120
164 0.2577 23093248
165 0.2717 23289856
166 0.2593 23232512
167 0.2536 23396352
168 0.2572 23511040
169 0.2562 23674880
170 0.2529 23560192
171 0.2651 23998464
172 0.2659 24084480
173 0.271 24174592
174 0.2755 24289280
175 0.276 24473600
176 0.2722 24289280
177 0.2678 24547328
178 0.2717 24502272
179 0.2849 24895488
180 0.2871 25100288
181 0.2836 25128960
182 0.2949 25305088
183 0.2966 25227264
184 0.2913 25436160
185 0.2903 25710592
186 0.2973 25546752
187 0.2926 25669632
188 0.3054 26001408
189 0.3022 26132480
190 0.302 26238976
191 0.3151 26341376
192 0.3241 26443776
193 0.3096 26603520
194 0.321 26644480
195 0.3188 26898432
196 0.3194 27025408
197 0.3233 27185152
198 0.3365 27328512
199 0.325 27500544
200 0.3392 27697152
201 0.3326 27754496
202 0.347 27893760
203 0.3424 28012544
204 0.3454 28131328
205 0.343 28352512
206 0.3511 28327936
207 0.3492 28495872
208 0.3509 28692480
209 0.3539 28827648
210 0.3589 28901376
211 0.3647 29106176
212 0.3681 29315072
213 0.3701 29425664
214 0.3617 29675520
215 0.3623 29786112
216 0.3625 29814784
217 0.3703 30244864
218 0.3807 30343168
219 0.3775 30318592
220 0.3792 30474240
221 0.3864 30654464
222 0.3885 30773248
223 0.382 30826496
224 0.386 31088640
225 0.3921 31297536
226 0.3986 31444992
227 0.4049 31510528
228 0.4001 31457280
229 0.404 31899648
230 0.41 32026624
231 0.4146 32346112
232 0.4133 32329728
233 0.4151 32641024
234 0.4166 32845824
235 0.4189 32821248
236 0.4206 33214464
237 0.4287 33361920
238 0.4295 33366016
239 0.4317 33644544
240 0.4312 33828864
241 0.4352 33792000
242 0.4433 34099200
243 0.4418 34471936
244 0.4447 34336768
245 0.4502 34574336
246 0.4521 34824192
247 0.4437 34861056
248 0.461 34963456
249 0.4522 35287040
250 0.4681 35307520
251 0.4606 35565568
252 0.4683 35557376
253 0.4653 35938304
254 0.4643 36151296
255 0.4802 36376576