1 0.2152 21757952
2 0.2458 21680128
3 0.2036 21790720
4 0.2043 21708800
5 0.2104 21815296
6 0.2328 21929984
7 0.2224 22011904
8 0.2131 21712896
9 0.2172 21762048
10 0.2268 22097920
11 0.2407 21987328
12 0.2184 22061056
13 0.2033 22077440
14 0.2152 22007808
15 0.2038 22040576
16 0.2119 21962752
17 0.2221 22216704
18 0.2087 22020096
19 0.2095 22241280
20 0.2069 22208512
21 0.2531 22482944
22 0.2173 22462464
23 0.2273 22433792
24 0.2105 22380544
25 0.2128 22376448
26 0.2249 22532096
27 0.2125 22446080
28 0.223 22372352
29 0.2338 22429696
30 0.214 22355968
31 0.2482 22675456
32 0.2227 22601728
33 0.2276 22810624
34 0.2247 22925312
35 0.2204 22904832
36 0.2222 22863872
37 0.2159 22794240
38 0.2232 22974464
39 0.2195 22777856
40 0.2292 22867968
41 0.2307 23023616
42 0.2366 23240704
43 0.2234 23203840
44 0.2465 23048192
45 0.2342 23228416
46 0.2238 23080960
47 0.236 23285760
48 0.2419 23216128
49 0.2419 23199744
50 0.238 23441408
51 0.2262 23281664
52 0.2417 23212032
53 0.243 23359488
54 0.2288 23543808
55 0.2564 23330816
56 0.2767 23556096
57 0.2371 23437312
58 0.2453 23552000
59 0.2415 23494656
60 0.2422 23453696
61 0.2506 23392256
62 0.2655 23695360
63 0.2529 23560192
64 0.2747 23764992
65 0.2231 23523328
66 0.302 23482368
67 0.2341 23416832
68 0.2477 23580672
69 0.2326 23633920
70 0.2299 23670784
71 0.2352 23638016
72 0.2327 23519232
73 0.2364 23633920
74 0.237 23633920
75 0.2273 23592960
76 0.25 23646208
77 0.2365 23863296
78 0.2322 23678976
79 0.2385 23707648
80 0.2354 24006656
81 0.2438 23945216
82 0.2327 23801856
83 0.2386 23937024
84 0.2334 23740416
85 0.2363 23797760
86 0.234 24010752
87 0.2375 23814144
88 0.2375 23838720
89 0.2328 24043520
90 0.2315 24117248
91 0.236 23851008
92 0.2452 24125440
93 0.2353 24068096
94 0.2372 23957504
95 0.2338 24133632
96 0.2326 23957504
97 0.235 23998464
98 0.2334 24088576
99 0.2371 24166400
100 0.238 24010752
101 0.2448 24150016
102 0.241 24301568
103 0.2428 24182784
104 0.2492 24072192
105 0.2454 24203264
106 0.2415 24072192
107 0.2415 24150016
108 0.247 24158208
109 0.2505 24244224
110 0.2473 24211456
111 0.2426 24260608
112 0.2433 24162304
113 0.2482 24571904
114 0.2533 24289280
115 0.2477 24383488
116 0.2462 24424448
117 0.2437 24576000
118 0.2447 24322048
119 0.2507 24346624
120 0.2526 24322048
121 0.2344 24276992
122 0.2413 24469504
123 0.2484 24432640
124 0.2577 24444928
125 0.2473 24436736
126 0.2433 24522752
127 0.2419 24440832
128 0.2459 24674304
129 0.2482 24694784
130 0.3469 24776704
131 0.2653 24539136
132 0.2557 24690688
133 0.2515 24678400
134 0.2555 24748032
135 0.2582 24621056
136 0.3096 24616960
137 0.2689 24883200
138 0.2594 24784896
139 0.2572 24895488
140 0.2562 24686592
141 0.262 24715264
142 0.328 24719360
143 0.2853 24825856
144 0.2768 24842240
145 0.2561 24764416
146 0.3031 24854528
147 0.3014 24850432
148 0.2741 25026560
149 0.278 25001984
150 0.2746 24854528
151 0.2638 25096192
152 0.2988 24895488
153 0.2891 24969216
154 0.2625 24944640
155 0.2687 25059328
156 0.2745 25014272
157 0.2919 25186304
158 0.26 25055232
159 0.2802 25075712
160 0.2975 25100288
161 0.2741 25149440
162 0.293 25083904
163 0.2852 25096192
164 0.2677 25108480
165 0.2904 25174016
166 0.2829 25157632
167 0.2994 25366528
168 0.2812 25153536
169 0.2836 25268224
170 0.274 25309184
171 0.2868 25489408
172 0.2784 25329664
173 0.326 25255936
174 0.3078 25329664
175 0.2829 25251840
176 0.273 25456640
177 0.2814 25513984
178 0.2781 25440256
179 0.3022 25493504
180 0.2941 25374720
181 0.3191 25423872
182 0.3079 25473024
183 0.3111 25436160
184 0.304 25505792
185 0.2837 25624576
186 0.321 25591808
187 0.2837 25575424
188 0.2946 25600000
189 0.2871 25563136
190 0.2772 25849856
191 0.2722 25673728
192 0.2944 25600000
193 0.2714 25837568
194 0.2858 25673728
195 0.289 25653248
196 0.2739 25669632
197 0.3176 25722880
198 0.3285 25759744
199 0.2854 25698304
200 0.2829 25985024
201 0.2795 25702400
202 0.2899 25841664
203 0.2673 25706496
204 0.2731 25841664
205 0.2834 26071040
206 0.2809 25849856
207 0.2675 26185728
208 0.2778 26013696
209 0.2854 25952256
210 0.2808 26005504
211 0.2932 26128384
212 0.2762 26193920
213 0.2779 26042368
214 0.2883 26103808
215 0.2917 25960448
216 0.2786 25980928
217 0.2957 26021888
218 0.2789 26099712
219 0.2791 26042368
220 0.2752 26357760
221 0.2751 26382336
222 0.2702 26136576
223 0.2862 26185728
224 0.2953 26148864
225 0.2884 26247168
226 0.2831 26288128
227 0.2758 26308608
228 0.2767 26165248
229 0.2855 26624000
230 0.2847 26345472
231 0.2868 26480640
232 0.2838 26402816
233 0.2903 26402816
234 0.2858 26591232
235 0.2863 26497024
236 0.2874 26406912
237 0.293 26529792
238 0.2792 26660864
239 0.275 26648576
240 0.2822 26382336
241 0.2828 26492928
242 0.2835 26513408
243 0.2993 26513408
244 0.2879 26574848
245 0.2884 26669056
246 0.2821 26435584
247 0.2863 26648576
248 0.2841 26656768
249 0.285 26570752
250 0.2833 26873856
251 0.2874 26873856
252 0.2906 26595328
253 0.2895 26730496
254 0.2816 26812416
255 0.287 26656768
256 0.2833 26648576
257 0.2827 26877952
258 0.2851 26886144
259 0.2827 26902528
260 0.291 26849280
261 0.2859 27049984
262 0.2756 26681344
263 0.2885 26812416
264 0.2911 26882048
265 0.2915 27037696
266 0.2871 26828800
267 0.2912 26898432
268 0.2917 26869760
269 0.2869 27119616
270 0.3084 26935296
271 0.3158 27049984
272 0.3062 26951680
273 0.3039 26996736
274 0.3491 27168768
275 0.3133 27045888
276 0.298 27156480
277 0.3502 27099136
278 0.3154 27402240
279 0.2996 27082752
280 0.3033 27197440
281 0.3088 27357184
282 0.2982 27123712
283 0.3295 27328512
284 0.3108 27279360
285 0.3103 27299840
286 0.317 27230208
287 0.3156 27246592
288 0.3107 27234304
289 0.3224 27668480
290 0.3127 27324416
291 0.3794 27324416
292 0.3357 27443200
293 0.3074 27480064
294 0.2995 27557888
295 0.3258 27426816
296 0.311 27451392
297 0.3104 27758592
298 0.3085 27463680
299 0.3051 27639808
300 0.3165 27688960
301 0.3277 27709440
302 0.3063 27791360
303 0.3296 27508736
304 0.3087 27500544
305 0.3331 27627520
306 0.3278 27537408
307 0.3158 27717632
308 0.3322 27824128
309 0.3364 27668480
310 0.3118 27746304
311 0.3176 27787264
312 0.3105 27676672
313 0.3034 27639808
314 0.3145 27721728
315 0.31 28012544
316 0.3105 27783168
317 0.3187 27918336
318 0.3119 27811840
319 0.3252 27910144
320 0.3231 28016640
321 0.3066 28016640
322 0.3171 27906048
323 0.3279 28069888
324 0.3042 28143616
325 0.3183 28106752
326 0.3198 28004352
327 0.311 28196864
328 0.3227 28135424
329 0.3036 27938816
330 0.3117 27987968
331 0.3187 28020736
332 0.3178 28254208
333 0.3277 28061696
334 0.3236 28184576
335 0.3159 28184576
336 0.3273 28119040
337 0.3248 28209152
338 0.3119 28262400
339 0.3147 28233728
340 0.3148 28344320
341 0.3086 28200960
342 0.3154 28344320
343 0.3197 28295168
344 0.3211 28344320
345 0.3203 28311552
346 0.3107 28467200
347 0.3308 28295168
348 0.3282 28295168
349 0.3162 28315648
350 0.3247 28332032
351 0.3315 28479488
352 0.3089 28401664
353 0.3222 28446720
354 0.3294 28561408
355 0.3261 28475392
356 0.3334 28606464
357 0.3257 28585984
358 0.3341 28512256
359 0.3376 28524544
360 0.3191 28725248
361 0.3325 28626944
362 0.3339 28803072
363 0.3567 28688384
364 0.3556 28704768
365 0.3571 28708864
366 0.3652 28635136
367 0.3673 28778496
368 0.3978 28643328
369 0.3219 28643328
370 0.359 28839936
371 0.3238 28688384
372 0.328 28819456
373 0.3212 28831744
374 0.3235 28991488
375 0.3409 28766208
376 0.3502 28794880
377 0.3454 29130752
378 0.363 28954624
379 0.4441 28946432
380 0.3818 28954624
381 0.3519 28930048
382 0.327 29122560
383 0.33 29073408
384 0.3226 29003776
385 0.3278 28872704
386 0.3307 29028352
387 0.3271 29052928
388 0.3298 28921856
389 0.3324 28999680
390 0.3334 29237248
391 0.3307 29364224
392 0.3357 29188096
393 0.3235 29118464
394 0.3289 29335552
395 0.3358 29323264
396 0.3355 29302784
397 0.3304 29331456
398 0.3359 29310976
399 0.333 29220864
400 0.3252 29298688
401 0.3294 29540352
402 0.3252 29188096
403 0.363 29396992
404 0.3771 29458432
405 0.3564 29327360
406 0.4308 29356032
407 0.3505 29523968
408 0.3608 29491200
409 0.3836 29446144
410 0.4515 29618176
411 0.3779 29564928
412 0.3466 29700096
413 0.334 29646848
414 0.336 29474816
415 0.3324 29564928
416 0.3406 29581312
417 0.336 29696000
418 0.3423 29523968
419 0.3431 29630464
420 0.4025 29843456
421 0.4745 29773824
422 0.38 29667328
423 0.3942 29679616
424 0.3529 29859840
425 0.3601 29814784
426 0.3782 29790208
427 0.4121 29868032
428 0.4854 29802496
429 0.5743 29790208
430 0.4199 29933568
431 0.35 29855744
432 0.3409 29704192
433 0.6418 29945856
434 0.5838 30138368
435 0.5068 30040064
436 0.5612 29876224
437 0.4817 29900800
438 0.4939 29843456
439 0.421 30040064
440 0.4996 29986816
441 0.4719 30093312
442 0.3527 30109696
443 0.3748 30199808
444 0.3642 29925376
445 0.3677 30187520
446 0.4344 30273536
447 0.4873 30130176
448 0.3695 30130176
449 0.3689 30187520
450 0.3633 30130176
451 0.3462 30081024
452 0.3402 30130176
453 0.3534 30158848
454 0.3564 30150656
455 0.3646 30281728
456 0.4508 30265344
457 0.3743 30216192
458 0.4073 30339072
459 0.3463 30408704
460 0.3534 30515200
461 0.4103 30396416
462 0.3991 30425088
463 0.4465 30404608
464 0.3503 30400512
465 0.3502 30416896
466 0.3865 30363648
467 0.3829 30597120
468 0.3505 30445568
469 0.3436 30556160
470 0.3605 30392320
471 0.3483 30642176
472 0.3633 30519296
473 0.4132 30543872
474 0.3839 30621696
475 0.3935 30916608
476 0.3549 30793728
477 0.3761 30625792
478 0.3516 30834688
479 0.3634 30654464
480 0.359 30605312
481 0.3905 30740480
482 0.4293 30679040
483 0.4189 30715904
484 0.501 30797824
485 0.3915 31006720
486 0.3637 30834688
487 0.445 30781440
488 0.4417 30908416
489 0.3786 30777344
490 0.3827 30765056
491 0.4497 30875648
492 0.3879 31207424
493 0.4359 30822400
494 0.4531 30949376
495 0.3801 31014912
496 0.4428 30916608
497 0.5456 31002624
498 0.3875 30990336
499 0.3763 30961664
500 0.4002 30928896
501 0.3751 31313920
502 0.3975 31158272
503 0.3565 31178752
504 0.3635 31100928
505 0.3753 31072256
506 0.5444 31080448
507 0.417 31023104
508 0.3735 31191040
509 0.4715 31240192
510 0.39 31158272
511 0.4012 31277056
512 0.3707 31346688
513 0.3739 31133696
514 0.3736 31211520
515 0.3764 31399936
516 0.3905 31440896
517 0.416 31543296
518 0.4268 31485952
519 0.3791 31281152
520 0.3802 31617024
521 0.3711 31350784
522 0.3942 31502336
523 0.3878 31657984
524 0.3859 31424512
525 0.4109 31559680
526 0.4904 31485952
527 0.4131 31457280
528 0.3992 31567872
529 0.4021 31756288
530 0.3758 31432704
531 0.39 31535104
532 0.3698 31408128
533 0.3706 31690752
534 0.3717 31711232
535 0.3663 31444992
536 0.3845 31596544
537 0.3654 31907840
538 0.3838 31846400
539 0.3729 31756288
540 0.3647 31866880
541 0.3804 31944704
542 0.3834 31879168
543 0.3751 31789056
544 0.3819 31911936
545 0.3716 31694848
546 0.3742 31793152
547 0.3821 31711232
548 0.3746 31903744
549 0.3704 32026624
550 0.3752 31985664
551 0.3794 31977472
552 0.3796 32251904
553 0.3827 31891456
554 0.3734 31776768
555 0.3864 31903744
556 0.3867 32116736
557 0.382 31903744
558 0.3832 31875072
559 0.3838 32501760
560 0.3808 32190464
561 0.3811 32337920
562 0.3845 32305152
563 0.3765 32432128
564 0.3826 32329728
565 0.381 32415744
566 0.3915 32190464
567 0.3774 32354304
568 0.3726 32129024
569 0.3918 32264192
570 0.3829 32206848
571 0.3861 32223232
572 0.3866 32407552
573 0.3838 32145408
574 0.3923 32366592
575 0.386 32329728
576 0.386 32288768
577 0.3923 32591872
578 0.3942 32481280
579 0.4424 32530432
580 0.3879 32403456
581 0.4132 32333824
582 0.3835 32534528
583 0.3866 32485376
584 0.3871 32546816
585 0.3841 32583680
586 0.3865 32526336
587 0.3877 32620544
588 0.3902 32616448
589 0.3881 32579584
590 0.3875 32645120
591 0.392 32677888
592 0.3847 32468992
593 0.4096 32624640
594 0.3941 32583680
595 0.3842 32710656
596 0.3954 32505856
597 0.3973 32620544
598 0.3954 32878592
599 0.3928 32710656
600 0.3896 32808960
601 0.3945 32731136
602 0.3948 32624640
603 0.3988 32518144
604 0.403 32886784
605 0.3881 32976896
606 0.3971 33198080
607 0.3973 32915456
608 0.3999 33054720
609 0.3997 32772096
610 0.3969 33054720
611 0.3967 32944128
612 0.3989 32759808
613 0.397 33050624
614 0.3903 33054720
615 0.403 32927744
616 0.4077 33112064
617 0.4011 33161216
618 0.4055 33095680
619 0.411 33103872
620 0.3903 32960512
621 0.4004 33222656
622 0.3995 33046528
623 0.4014 33316864
624 0.4018 33034240
625 0.3993 33259520
626 0.4072 33345536
627 0.4023 33193984
628 0.4101 33312768
629 0.4034 33472512
630 0.3986 33222656
631 0.4069 33333248
632 0.4067 33325056
633 0.4063 33542144
634 0.4042 33443840
635 0.4039 33439744
636 0.3961 33484800
637 0.405 33755136
638 0.4055 33411072
639 0.4037 33636352
640 0.403 33353728
641 0.412 33484800
642 0.4156 33562624
643 0.4039 33579008
644 0.4013 33640448
645 0.4061 33550336
646 0.4119 33665024
647 0.4151 33652736
648 0.4017 33701888
649 0.4072 33808384
650 0.4005 33665024
651 0.4081 33693696
652 0.4011 33787904
653 0.4099 33378304
654 0.4076 33751040
655 0.4135 33558528
656 0.408 33697792
657 0.4123 33796096
658 0.405 33730560
659 0.4072 33701888
660 0.4149 33574912
661 0.4098 33808384
662 0.419 33931264
663 0.4071 33943552
664 0.4059 34017280
665 0.4021 34086912
666 0.4085 33681408
667 0.4184 33861632
668 0.4132 33837056
669 0.4232 34103296
670 0.4224 34107392
671 0.4129 33914880
# 672 1.294 33890304
673 0.408 33959936
674 0.4161 33964032
675 0.4207 34091008
676 0.4125 33972224
677 0.4165 34066432
678 0.4181 34181120
679 0.4126 34217984
680 0.4151 34234368
681 0.4224 34299904
682 0.4157 34127872
683 0.4247 34226176
684 0.4084 34553856
685 0.4255 34246656
686 0.4185 34533376
687 0.4289 34414592
688 0.4301 34111488
689 0.4141 34476032
690 0.4222 34529280
691 0.4158 34312192
692 0.4277 34242560
693 0.4266 34463744
694 0.4145 34562048
695 0.4202 34594816
696 0.4204 34390016
697 0.4235 34492416
698 0.4213 34521088
699 0.4176 34328576
700 0.4241 34578432
701 0.4173 34750464
702 0.4278 34603008
703 0.4228 34885632
704 0.4143 34353152
705 0.4329 34758656
706 0.4218 34713600
707 0.4292 34877440
708 0.4314 34525184
709 0.4334 34660352
710 0.4222 34766848
711 0.4314 34713600
712 0.4248 34787328
713 0.4272 34889728
714 0.422 34607104
715 0.4279 34832384
716 0.425 34861056
717 0.4312 34902016
718 0.4319 34844672
719 0.4312 34975744
720 0.4345 34877440
721 0.4245 34918400
722 0.4231 35045376
723 0.4337 35008512
724 0.4337 34791424
725 0.4427 34750464
726 0.4309 35155968
727 0.4294 34668544
728 0.4353 35110912
729 0.4359 34910208
730 0.432 35057664
731 0.4377 35065856
732 0.4418 35028992
733 0.431 35098624
734 0.4311 34775040
735 0.4291 35196928
736 0.4344 35229696
737 0.4376 35172352
738 0.4703 35229696
739 0.4623 34983936
740 0.4517 35217408
741 0.4584 35282944
742 0.4546 35266560
743 0.4632 35295232
744 0.4576 35315712
745 0.4405 35319808
746 0.4788 35393536
747 0.4727 35274752
748 0.4966 35225600
749 0.5478 35192832
750 0.5008 35356672
751 0.4438 35430400
752 0.4521 35418112
753 0.4541 35651584
754 0.4851 35422208
755 0.4418 35287040
756 0.5004 35618816
757 0.4438 35217408
758 0.4888 35344384
759 0.4552 35450880
760 0.6109 35414016
761 0.5195 35545088
762 0.4958 35414016
763 0.4697 35594240
764 0.4711 35926016
765 0.4648 35729408
766 0.4992 35667968
767 0.4559 35618816
768 0.4526 35770368
769 0.458 35860480
770 0.4595 35581952
771 0.4656 35606528
772 0.4532 35557376
773 0.4641 35602432
774 0.4543 35938304
775 0.5107 35745792
776 0.5771 35717120
777 0.5495 35721216
778 0.5694 35848192
779 0.461 35770368
780 0.5517 35766272
781 0.4864 35737600
782 0.4665 35901440
783 0.4752 35700736
784 0.4713 36024320
785 0.5282 35950592
786 0.5248 36052992
787 0.5804 35987456
788 0.5034 36044800
789 0.5551 35987456
790 0.4658 35880960
791 0.4468 36261888
792 0.5415 36061184
793 0.4734 36265984
794 0.573 36249600
795 0.5643 36265984
796 0.4745 35987456
797 0.4981 36216832
798 0.5361 36286464
799 0.4643 36311040
800 0.5919 36208640
801 0.5714 36061184
802 0.563 36052992
803 0.4712 36175872
804 0.5476 36204544
805 0.5532 36143104
806 0.4824 36192256
807 0.4657 36323328
808 0.4597 36323328
809 0.4526 36478976
810 0.4624 36413440
811 0.4645 36319232
812 0.4585 36536320
813 0.4683 36392960
814 0.4743 36618240
815 0.472 36519936
816 0.4931 36507648
817 0.5366 36442112
818 0.5873 36495360
819 0.5751 36442112
820 0.5963 36491264
821 0.5907 36466688
822 0.5866 36462592
823 0.4873 36962304
824 0.4903 36577280
825 0.48 36642816
826 0.4674 36659200
827 0.4623 36794368
828 0.491 36765696
829 0.4657 36552704
830 0.4916 36708352
831 0.5941 36655104
832 0.5802 36995072
833 0.4929 37060608
834 0.5464 36773888
835 0.4939 36999168
836 0.4737 37064704
837 0.468 36851712
838 0.4978 36892672
839 0.5032 37113856
840 0.4637 36823040
841 0.4762 37199872
842 0.5252 37203968
843 0.4806 36847616
844 0.4996 36872192
845 0.4855 37158912
846 0.4972 37027840
847 0.4814 36904960
848 0.4892 36835328
849 0.4872 37302272
850 0.5019 37158912
851 0.5149 37003264
852 0.4988 37044224
853 0.4882 37322752
854 0.5054 37040128
855 0.4803 37085184
856 0.4931 36966400
857 0.5466 37158912
858 0.4941 37494784
859 0.5035 37236736
860 0.4877 37404672
861 0.5325 37240832
862 0.5244 37171200
863 0.4852 37474304
864 0.5279 37482496
865 0.5007 37244928
866 0.535 37367808
867 0.5127 37265408
868 0.495 37273600
869 0.5137 37339136
870 0.4812 37642240
871 0.5001 37302272
872 0.4815 37601280
873 0.5124 37441536
874 0.501 37609472
875 0.7251 37498880
876 0.5384 37736448
877 0.4994 37548032
878 0.5394 37691392
879 0.524 37564416
880 0.5447 37404672
881 0.4826 37421056
882 0.4804 37564416
883 0.4779 37715968
884 0.4794 37576704
885 0.476 38051840
886 0.4716 37711872
887 0.49 37625856
888 0.4771 37810176
889 0.4871 37695488
890 0.5108 38203392
891 0.4954 37675008
892 0.4778 38010880
893 0.4789 37965824
894 0.4755 38109184
895 0.4844 37920768
896 0.4814 37810176
897 0.4736 37576704
898 0.473 38248448
899 0.4849 37728256
900 0.482 38232064
901 0.4798 37998592
902 0.4823 38281216
903 0.4895 37855232
904 0.4954 38072320
905 0.4857 38092800
906 0.4889 38060032
907 0.4824 38072320
908 0.4845 38240256
909 0.4843 38211584
910 0.4925 38260736
911 0.483 38260736
912 0.4827 38420480
913 0.4854 38092800
914 0.487 38367232
915 0.4923 38031360
916 0.4918 38334464
917 0.4875 38588416
918 0.5045 38498304
919 0.4871 38506496
920 0.4945 38297600
921 0.4869 38232064
922 0.4871 38326272
923 0.4928 38203392
924 0.501 38592512
925 0.4782 38617088
926 0.4911 38494208
927 0.4856 38293504
928 0.4924 38428672
929 0.4896 38793216
930 0.5013 38612992
931 0.4889 38584320
932 0.485 38756352
933 0.4931 38576128
934 0.4895 38797312
935 0.4896 38678528
936 0.4978 38559744
937 0.4865 38502400
938 0.4938 38559744
939 0.4918 38723584
940 0.4962 38584320
941 0.5004 38486016
942 0.4968 38985728
943 0.498 38412288
944 0.4876 38842368
945 0.5013 38936576
946 0.5055 38887424
947 0.5028 38785024
948 0.4941 39047168
949 0.4962 39010304
950 0.5048 38957056
951 0.4965 38887424
952 0.5008 38838272
953 0.497 39137280
954 0.5014 38686720
955 0.494 38834176
956 0.5066 38981632
957 0.5032 39051264
958 0.5039 39137280
959 0.5032 38989824
960 0.5013 39112704
961 0.4974 39051264
962 0.5359 39108608
963 0.5072 38887424
964 0.5083 39366656
965 0.497 38952960
966 0.514 38998016
967 0.5128 39002112
968 0.5088 39231488
969 0.5067 39108608
970 0.5006 38924288
971 0.5049 39280640
972 0.5145 39067648
973 0.4994 39198720
974 0.5116 39284736
975 0.5153 39317504
976 0.5283 39211008
977 0.509 39268352
978 0.5126 39186432
979 0.508 39260160
980 0.5016 39342080
981 0.535 39280640
982 0.5185 39124992
983 0.5044 39342080
984 0.5222 39280640
985 0.518 39505920
986 0.5076 39456768
987 0.5193 39505920
988 0.5094 39378944
989 0.5189 39710720
990 0.5075 39227392
991 0.5096 39538688
992 0.5169 39321600
993 0.5004 39260160
994 0.5142 39653376
995 0.5196 39526400
996 0.5142 39698432
997 0.5186 39342080
998 0.5155 39612416
999 0.5182 39608320
1000 0.5162 39686144