1 0.0375 10809344
2 0.0425 10878976
3 0.0433 10801152
4 0.0407 10801152
5 0.0397 10838016
6 0.0415 10862592
7 0.0442 10825728
8 0.043 10817536
9 0.0435 10825728
10 0.0457 10915840
11 0.0405 10821632
12 0.0422 10821632
13 0.0412 10838016
14 0.0465 10928128
15 0.042 10850304
16 0.0454 10829824
17 0.045 10838016
18 0.0419 10924032
19 0.0407 10829824
20 0.0406 10833920
21 0.0457 10829824
22 0.0506 10887168
23 0.0456 10899456
24 0.0484 10833920
25 0.041 10850304
26 0.0457 10973184
27 0.0465 10936320
28 0.0411 10862592
29 0.0439 10850304
30 0.0454 10985472
31 0.0429 10919936
32 0.0447 10866688
33 0.0474 10899456
34 0.0431 10891264
35 0.0443 10919936
36 0.0415 10874880
37 0.041 10870784
38 0.0421 10891264
39 0.0454 10878976
40 0.0406 10903552
41 0.0448 10936320
42 0.0471 10907648
43 0.0453 10985472
44 0.0407 10874880
45 0.0415 10919936
46 0.0422 10981376
47 0.0418 10907648
48 0.0423 10895360
49 0.0419 10928128
50 0.0434 11034624
51 0.0409 10936320
52 0.044 10977280
53 0.0422 10956800
54 0.0445 11034624
55 0.0433 10940416
56 0.042 10940416
57 0.0416 10977280
58 0.0445 11030528
59 0.0452 10969088
60 0.0463 10960896
61 0.0435 11038720
62 0.0487 10960896
63 0.0424 10973184
64 0.0462 11104256
65 0.0476 11055104
66 0.0432 11059200
67 0.0415 11001856
68 0.0456 11001856
69 0.0464 11010048
70 0.044 11091968
71 0.0425 11022336
72 0.0456 11026432
73 0.0464 11091968
74 0.0464 11079680
75 0.0462 11038720
76 0.0421 11038720
77 0.0425 11042816
78 0.045 11116544
79 0.0422 11030528
80 0.0463 11059200
81 0.0429 11063296
82 0.0463 11161600
83 0.0429 11059200
84 0.0435 11096064
85 0.0439 11120640
86 0.0439 11218944
87 0.0443 11100160
88 0.0429 11091968
89 0.0489 11116544
90 0.043 11124736
91 0.0469 11177984
92 0.0476 11128832
93 0.0424 11137024
94 0.045 11169792
95 0.0443 11214848
96 0.048 11157504
97 0.0437 11161600
98 0.0415 11165696
99 0.1545 11231232
100 0.0431 11182080
101 0.0447 11202560
102 0.044 11206656
103 0.0434 11198464
104 0.0436 11202560
105 0.0542 11255808
106 0.0471 11223040
107 0.0471 11214848
108 0.0436 11231232
109 0.047 11227136
110 0.0479 11325440
111 0.0457 11251712
112 0.0444 11247616
113 0.0483 11264000
114 0.0477 11259904
115 0.0486 11341824
116 0.0469 11276288
117 0.0452 11268096
118 0.0495 11403264
119 0.0525 11419648
120 0.0495 11296768
121 0.0445 11313152
122 0.0542 11341824
123 0.0459 11333632
124 0.0486 11321344
125 0.0478 11358208
126 0.0451 11341824
127 0.049 11370496
128 0.0489 11345920
129 0.0471 11407360
130 0.0473 11370496
131 0.0526 11419648
132 0.0537 11350016
133 0.0489 11415552
134 0.0492 11390976
135 0.0486 11390976
136 0.0507 11472896
137 0.0472 11403264
138 0.0479 11440128
139 0.0529 11489280
140 0.0505 11423744
141 0.0506 11419648
142 0.0461 11440128
143 0.0478 11534336
144 0.0469 11493376
145 0.0548 11575296
146 0.0466 11460608
147 0.0551 11460608
148 0.0468 11481088
149 0.0481 11476992
150 0.0621 11575296
151 0.061 11620352
152 0.0639 11620352
153 0.0537 11579392
154 0.0568 11608064
155 0.0459 11517952
156 0.0498 11554816
157 0.0523 11628544
158 0.05 11640832
159 0.0518 11636736
160 0.0498 11644928
161 0.0481 11595776
162 0.0493 11583488
163 0.0514 11628544
164 0.0507 11616256
165 0.0481 11661312
166 0.0495 11653120
167 0.0529 11685888
168 0.065 11726848
169 0.0743 11681792
170 0.0483 11628544
171 0.0458 11599872
172 0.0469 11669504
173 0.0519 11702272
174 0.0489 11694080
175 0.0581 11771904
176 0.0506 11780096
177 0.052 11747328
178 0.0469 11649024
179 0.0527 11771904
180 0.0469 11681792
181 0.0502 11755520
182 0.0491 11669504
183 0.0523 11726848
184 0.0527 11812864
185 0.0512 11780096
186 0.0509 11735040
187 0.0472 11726848
188 0.0607 11829248
189 0.0564 11808768
190 0.0481 11771904
191 0.0509 11878400
192 0.0523 11776000
193 0.0482 11763712
194 0.0518 11808768
195 0.0583 11862016
196 0.0563 11878400
197 0.0513 11837440
198 0.0563 11784192
199 0.053 11816960
200 0.0535 11845632
201 0.0515 11874304
202 0.048 11837440
203 0.0531 11968512
204 0.0528 11890688
205 0.0478 11849728
206 0.0482 11853824
207 0.0549 11886592
208 0.054 11964416
209 0.0529 11890688
210 0.0549 11956224
211 0.0553 11927552
212 0.0503 11931648
213 0.0554 11874304
214 0.0478 11902976
215 0.0525 11919360
216 0.0481 11886592
217 0.0561 11956224
218 0.0543 12058624
219 0.0503 11956224
220 0.051 11956224
221 0.055 12062720
222 0.0564 12054528
223 0.0558 12005376
224 0.0541 11988992
225 0.0528 11956224
226 0.0502 11988992
227 0.0499 12001280
228 0.0502 12046336
229 0.05 11980800
230 0.0526 12025856
231 0.0536 12025856
232 0.0523 12099584
233 0.0532 12075008
234 0.0527 12189696
235 0.0534 12025856
236 0.0567 12165120
237 0.0539 12152832
238 0.0511 12083200
239 0.0529 12120064
240 0.0522 12087296
241 0.0534 12103680
242 0.0551 12107776
243 0.0578 12095488
244 0.0549 12115968
245 0.0507 12128256
246 0.051 12148736
247 0.0603 12201984
248 0.0558 12111872
249 0.0566 12369920
250 0.0513 12148736
251 0.0548 12140544
252 0.0516 12173312
253 0.0532 12140544
254 0.0631 12324864
255 0.058 12275712
256 0.0572 12288000
257 0.0563 12259328
258 0.0569 12357632
259 0.0578 12259328
260 0.0516 12206080
261 0.0565 12296192
262 0.0516 12201984
263 0.0538 12271616
264 0.0595 12218368
265 0.0654 12345344
266 0.0588 12308480
267 0.0576 12374016
268 0.059 12271616
269 0.0579 12320768
270 0.0578 12316672
271 0.0543 12283904
272 0.0527 12353536
273 0.0571 12304384
274 0.0579 12341248
275 0.0588 12644352
276 0.0596 12619776
277 0.0578 12451840
278 0.055 12308480
279 0.0595 12341248
280 0.0538 12390400
281 0.0618 12492800
282 0.0626 12455936
283 0.059 12439552
284 0.06 12439552
285 0.0575 12558336
286 0.0533 12402688
287 0.0576 12398592
288 0.0631 12435456
289 0.0561 12386304
290 0.0618 12509184
291 0.0612 12652544
292 0.0665 12648448
293 0.0569 12554240
294 0.0608 12464128
295 0.0606 12513280
296 0.0594 12517376
297 0.0655 12578816
298 0.0645 12668928
299 0.0625 12869632
300 0.0595 12513280
301 0.0622 12558336
302 0.065 12587008
303 0.0632 12926976
304 0.065 12546048
305 0.0557 12558336
306 0.056 12537856
307 0.0607 12640256
308 0.0607 12603392
309 0.0641 12677120
310 0.0609 12587008
311 0.0593 12636160
312 0.0693 12742656
313 0.0656 12632064
314 0.0664 12886016
315 0.0633 12759040
316 0.0556 12660736
317 0.0562 12685312
318 0.0567 12677120
319 0.0623 12660736
320 0.0591 12705792
321 0.0679 12816384
322 0.0616 12759040
323 0.0694 12820480
324 0.0625 12779520
325 0.0625 12754944
326 0.0659 12853248
327 0.0633 12849152
328 0.0623 12787712
329 0.0645 12980224
330 0.066 12963840
331 0.0724 12918784
332 0.0687 12943360
333 0.0627 12886016
334 0.0618 13058048
335 0.0684 13205504
336 0.0722 12939264
337 0.0664 12853248
338 0.0694 12898304
339 0.0857 13365248
340 0.0635 12910592
341 0.0619 12976128
342 0.0671 13291520
343 0.074 13205504
344 0.0722 13152256
345 0.0694 13090816
346 0.0701 13017088
347 0.0683 13090816
348 0.0633 12980224
349 0.0647 13012992
350 0.0748 13123584
351 0.0652 13176832
352 0.0661 13078528
353 0.0697 13164544
354 0.0663 13094912
355 0.071 13070336
356 0.0741 13402112
357 0.0728 13488128
358 0.067 13123584
359 0.0733 13189120
360 0.0725 13524992
361 0.0663 13156352
362 0.0683 13180928
363 0.0702 13156352
364 0.0912 13676544
365 0.0658 13266944
366 0.0599 13152256
367 0.0658 13127680
368 0.0696 13131776
369 0.0736 13271040
370 0.076 13414400
371 0.0759 13737984
372 0.0682 13225984
373 0.0657 13209600
374 0.066 13221888
375 0.0681 13283328
376 0.0655 13250560
377 0.0663 13283328
378 0.0698 13369344
379 0.0796 13692928
380 0.0641 13336576
381 0.0683 13340672
382 0.066 13410304
383 0.0704 13422592
384 0.0742 13639680
385 0.0681 13406208
386 0.0648 13418496
387 0.0689 13410304
388 0.075 13885440
389 0.077 13938688
390 0.0731 14094336
391 0.0702 13824000
392 0.0712 13733888
393 0.073 13524992
394 0.0726 13541376
395 0.0703 13492224
396 0.0738 13557760
397 0.073 13537280
398 0.0731 13766656
399 0.0668 13459456
400 0.0656 13475840
401 0.0687 13594624
402 0.0689 13590528
403 0.0738 13651968
404 0.0757 14192640
405 0.0705 13651968
406 0.0713 13598720
407 0.0706 13565952
408 0.0954 14155776
409 0.0722 14200832
410 0.0744 14131200
411 0.0779 14168064
412 0.0769 13836288
413 0.0726 13721600
414 0.0718 13778944
415 0.0748 13713408
416 0.0713 13680640
417 0.0734 13758464
418 0.0806 13864960
419 0.0709 13746176
420 0.0987 13860864
421 0.0733 14405632
422 0.0665 13737984
423 0.0738 13705216
424 0.0801 14372864
425 0.0769 14270464
426 0.0728 14098432
427 0.0746 13828096
428 0.0719 13848576
429 0.0821 14417920
430 0.0758 14000128
431 0.0757 14028800
432 0.0758 13881344
433 0.0751 13815808
434 0.0731 13881344
435 0.0699 13828096
436 0.0681 13864960
437 0.0724 13856768
438 0.0735 13885440
439 0.0732 13885440
440 0.0718 13975552
441 0.0764 14573568
442 0.0779 14209024
443 0.0779 14192640
444 0.0786 14311424
445 0.0784 14032896
446 0.0733 14053376
447 0.0735 14086144
448 0.0789 14000128
449 0.0785 14082048
450 0.0749 14004224
451 0.075 14053376
452 0.0798 14200832
453 0.0839 14565376
454 0.1071 14774272
455 0.087 14790656
456 0.0808 14163968
457 0.0751 14790656
458 0.086 14221312
459 0.0765 14069760
460 0.0765 14508032
461 0.0767 14209024
462 0.0782 14131200
463 0.0801 14364672
464 0.0866 14897152
465 0.0756 14159872
466 0.0739 14209024
467 0.084 14712832
468 0.0835 14602240
469 0.0813 14307328
470 0.0804 14426112
471 0.077 14323712
472 0.0775 14278656
473 0.0801 14356480
474 0.0808 14229504
475 0.0785 14405632
476 0.0845 14520320
477 0.0808 14344192
478 0.0767 14286848
479 0.0789 14409728
480 0.0816 14360576
481 0.086 14286848
482 0.0836 15138816
483 0.0817 15228928
484 0.0832 14438400
485 0.0774 14340096
486 0.0741 14381056
487 0.0734 14389248
488 0.0739 14393344
489 0.0755 14352384
490 0.0848 15261696
491 0.081 15241216
492 0.0759 14458880
493 0.0825 14741504
494 0.0839 14594048
495 0.0803 14458880
496 0.0816 14848000
497 0.0749 14544896
498 0.0768 14569472
499 0.0818 15400960
500 0.0747 14520320
501 0.0814 14577664
502 0.088 14725120
503 0.0831 14659584
504 0.0761 14606336
505 0.0765 14565376
506 0.0758 14557184
507 0.0847 15642624
508 0.0832 14966784
509 0.0854 14860288
510 0.0846 14749696
511 0.0852 14835712
512 0.0812 14704640
513 0.08 15634432
514 0.0898 15273984
515 0.0865 14766080
516 0.0976 14712832
517 0.0817 14778368
518 0.091 15773696
519 0.0864 14897152
520 0.0884 15708160
521 0.0838 14794752
522 0.0831 15642624
523 0.0896 15671296
524 0.0864 14942208
525 0.084 15196160
526 0.0903 16003072
527 0.0806 14827520
528 0.0822 14884864
529 0.0888 16019456
530 0.0873 15429632
531 0.0831 14860288
532 0.0844 14962688
533 0.0921 15233024
534 0.0811 14901248
535 0.0858 16089088
536 0.0916 15151104
537 0.0902 14954496
538 0.0801 14995456
539 0.0832 14962688
540 0.0912 16060416
541 0.0917 15355904
542 0.0893 15142912
543 0.0852 15044608
544 0.0841 15052800
545 0.0862 15040512
546 0.0842 15040512
547 0.0851 15380480
548 0.0862 15151104
549 0.0856 15142912
550 0.098 16277504
# 551 1.7837 15474688
552 0.0913 15196160
553 0.0833 15085568
554 0.0869 15118336
555 0.0984 16179200
556 0.1062 16203776
557 0.0879 15241216
558 0.0881 16072704
559 0.087 15323136
560 0.092 15179776
561 0.0881 15212544
562 0.0819 15224832
563 0.0896 16306176
564 0.09 15511552
565 0.0889 15351808
566 0.0828 15245312
567 0.0913 16523264
568 0.097 16281600
569 0.0917 15384576
570 0.0887 15384576
571 0.0983 16064512
572 0.1009 15515648
573 0.0848 15351808
574 0.0844 15421440
575 0.0895 15368192
576 0.0985 16650240
577 0.0889 15486976
578 0.0965 15523840
579 0.1002 15847424
580 0.0953 16011264
581 0.0939 15601664
582 0.0864 15458304
583 0.0897 15642624
584 0.1262 16207872
585 0.0947 15536128
586 0.0933 15708160
587 0.0953 15613952
588 0.091 15597568
589 0.094 15568896
590 0.1008 16125952
591 0.0912 15761408
592 0.0922 15769600
593 0.1021 16805888
594 0.0931 15925248
595 0.0863 15650816
596 0.1004 15691776
597 0.0938 16621568
598 0.0951 15847424
599 0.0933 15826944
600 0.1042 16166912
601 0.0983 16293888
602 0.0957 15818752
603 0.0898 15728640
604 0.097 16613376
605 0.1019 15941632
606 0.0889 15839232
607 0.1011 16441344
608 0.0896 15831040
609 0.0946 15851520
610 0.095 15937536
611 0.0885 15855616
612 0.0908 15876096
613 0.0956 15941632
614 0.0988 17342464
615 0.0974 16068608
616 0.0952 15982592
617 0.0971 15941632
618 0.0979 17121280
619 0.0966 16121856
620 0.0964 16080896
621 0.0905 16076800
622 0.0978 17444864
623 0.0995 16105472
624 0.0981 17494016
625 0.0997 16515072
626 0.0995 16302080
627 0.0955 16109568
628 0.0992 16302080
629 0.1021 17043456
630 0.1191 17682432
631 0.0975 17235968
632 0.0982 16326656
633 0.1051 17674240
634 0.1039 17227776
635 0.097 16199680
636 0.1086 17686528
637 0.1031 16711680
638 0.1049 16629760
639 0.0972 17707008
640 0.0976 16990208
641 0.0976 16297984
642 0.1025 17575936
643 0.0969 17059840
644 0.0965 17338368
645 0.0963 16449536
646 0.0997 16658432
647 0.094 16388096
648 0.0942 16416768
649 0.0992 17055744
650 0.1004 16474112
651 0.0985 16461824
652 0.1072 16629760
653 0.1059 17235968
654 0.0951 16535552
655 0.104 17641472
656 0.0935 16523264
657 0.1185 18055168
658 0.1073 16920576
659 0.111 18075648
660 0.111 17735680
661 0.1181 17121280
662 0.1018 18173952
663 0.101 16855040
664 0.1032 16744448
665 0.1135 17956864
666 0.1018 16891904
667 0.1012 16764928
668 0.1129 18006016
669 0.1011 16748544
670 0.1134 18096128
671 0.1055 17403904
672 0.115 17727488
673 0.1054 17719296
674 0.1032 16785408
675 0.1045 17686528
676 0.1031 16908288
677 0.1012 16867328
678 0.1042 17039360
679 0.1105 18677760
680 0.1045 16920576
681 0.1003 16879616
682 0.1088 18157568
683 0.106 17100800
684 0.1159 17211392
685 0.1167 17047552
686 0.1207 17362944
687 0.1064 17145856
688 0.103 17268736
689 0.1076 17260544
690 0.1038 17137664
691 0.101 17129472
692 0.1119 17170432
693 0.1099 17297408
694 0.1314 17502208
695 0.117 17752064
696 0.1146 17809408
697 0.1113 18898944
698 0.106 17330176
699 0.1047 17281024
700 0.1067 17436672
701 0.1085 17317888
702 0.1179 19116032
703 0.1127 17522688
704 0.1157 19111936
705 0.1313 18911232
706 0.1106 19144704
707 0.1165 18255872
708 0.1132 17932288
709 0.1287 17854464
710 0.1172 18522112
711 0.1248 17907712
712 0.1248 18239488
713 0.1401 18485248
714 0.1429 17756160
715 0.1051 17510400
716 0.1324 18681856
717 0.1157 19034112
718 0.1118 17575936
719 0.1039 17584128
720 0.1039 17530880
721 0.1166 19091456
722 0.1146 17661952
723 0.1065 17575936
724 0.1101 18272256
725 0.1105 17641472
726 0.1144 17801216
727 0.1158 17752064
728 0.1156 17928192
729 0.113 17920000
730 0.1065 17768448
731 0.1123 18165760
732 0.1192 19763200
733 0.116 18345984
734 0.1287 19787776
735 0.119 17805312
736 0.1246 19415040
737 0.1153 17932288
738 0.1098 17846272
739 0.1145 18063360
740 0.1078 17915904
741 0.1187 18178048
742 0.1175 19918848
743 0.1191 19910656
744 0.1181 19673088
745 0.1156 18046976
746 0.1142 19914752
747 0.1104 18010112
748 0.1171 18558976
749 0.1213 18493440
750 0.1107 18104320
751 0.1141 18141184
752 0.1147 18059264
753 0.1166 18120704
754 0.1209 20115456
755 0.1142 18153472
756 0.1194 20103168
757 0.1146 18296832
758 0.1156 18890752
759 0.1164 18714624
760 0.1271 20156416
761 0.1162 18268160
762 0.1208 19070976
763 0.1185 18464768
764 0.1221 18849792
765 0.1155 18386944
766 0.1259 20467712
767 0.1194 18526208
768 0.1191 18554880
769 0.117 18391040
770 0.1233 18616320
771 0.1146 18423808
772 0.1225 20508672
773 0.1195 18550784
774 0.1249 19501056
775 0.1153 18530304
776 0.1198 18993152
777 0.1222 20643840
778 0.1214 19017728
779 0.1238 19726336
780 0.1263 18571264
781 0.1212 19812352
782 0.1187 18743296
783 0.1263 18763776
784 0.1225 18579456
785 0.1194 19148800
786 0.122 19517440
787 0.1249 19345408
788 0.1242 18767872
789 0.1281 19013632
790 0.1217 20041728
791 0.1257 19005440
792 0.1224 18882560
793 0.1227 18812928
794 0.122 18931712
795 0.1209 18923520
796 0.1251 21336064
797 0.1265 20692992
798 0.1276 19066880
799 0.1279 18993152
800 0.1248 19582976
801 0.1268 19382272
802 0.1232 18944000
803 0.13 19046400
804 0.1276 20766720
805 0.1255 18952192
806 0.1274 20025344
807 0.1236 19034112
808 0.1236 19226624
809 0.1313 21393408
810 0.1284 19185664
811 0.1271 20221952
812 0.13 21360640
813 0.1253 19451904
814 0.1266 21196800
815 0.1271 19189760
816 0.1256 19214336
817 0.1243 19144704
818 0.1293 19509248
819 0.1242 19148800
820 0.1239 19439616
821 0.1241 20566016
822 0.1254 19206144
823 0.1252 20185088
824 0.1252 21524480
825 0.1261 19480576
826 0.1249 19468288
827 0.1254 19472384
828 0.1264 19333120
829 0.1276 19308544
830 0.1363 19468288
831 0.136 19718144
832 0.1274 19431424
833 0.1347 20848640
834 0.1349 21860352
835 0.1318 19742720
836 0.1329 19554304
837 0.1321 20099072
838 0.1332 19517440
839 0.1311 21086208
840 0.1231 19501056
841 0.1293 20160512
842 0.1322 21803008
843 0.1329 19607552
844 0.1335 20365312
845 0.1336 21524480
846 0.1312 19656704
847 0.1375 20815872
848 0.1374 21979136
849 0.1328 19849216
850 0.1356 20385792
851 0.1338 19763200
852 0.1291 19914752
853 0.1388 19767296
854 0.1351 21676032
855 0.128 19759104
856 0.134 20398080
857 0.134 21868544
858 0.1331 21299200
859 0.1271 19779584
860 0.1355 20336640
861 0.1406 22507520
862 0.134 20021248
863 0.1343 20029440
864 0.1338 21778432
865 0.1351 20185088
866 0.1362 21843968
867 0.1325 19922944
868 0.1346 20357120
869 0.1357 20017152
870 0.1425 22306816
871 0.1401 21409792
872 0.14 20238336
873 0.1477 22052864
874 0.1387 20320256
875 0.1368 20164608
876 0.1374 20180992
877 0.1396 22233088
878 0.1352 20127744
879 0.1373 20594688
880 0.1402 21962752
881 0.1395 20275200
882 0.1405 20291584
883 0.1387 20643840
884 0.1376 20426752
885 0.145 22274048
886 0.1373 20357120
887 0.1397 20393984
888 0.1461 22331392
889 0.1476 23183360
890 0.144 20725760
891 0.1398 20738048
892 0.1439 22384640
893 0.1415 20557824
894 0.1397 20807680
895 0.1456 21348352
896 0.138 20447232
897 0.149 23371776
898 0.1402 20615168
899 0.146 20787200
900 0.1413 22032384
901 0.1458 22896640
902 0.143 21610496
903 0.1449 21000192
904 0.148 21577728
905 0.1479 22261760
906 0.1464 23298048
907 0.151 22831104
908 0.1421 20983808
909 0.1501 21540864
910 0.1468 22568960
911 0.1462 23281664
912 0.1484 21123072
913 0.1492 20856832
914 0.1428 20983808
915 0.1464 20770816
916 0.1527 22941696
917 0.1467 23281664
918 0.1557 21086208
919 0.1524 21778432
920 0.1453 20959232
921 0.1467 20910080
922 0.1526 22773760
923 0.1504 23646208
924 0.1554 24170496
925 0.1461 21118976
926 0.1505 21745664
927 0.1485 20979712
928 0.1546 23207936
929 0.1552 22659072
930 0.1594 21405696
931 0.1567 24244224
932 0.1434 21032960
933 0.1482 21467136
934 0.1501 22720512
935 0.1536 21364736
936 0.1544 23851008
937 0.1637 22659072
938 0.1571 24637440
939 0.1521 21422080
940 0.1504 21438464
941 0.1498 22134784
942 0.1548 21262336
943 0.1536 21925888
944 0.1613 23699456
945 0.1596 22593536
946 0.1549 24752128
947 0.15 21508096
948 0.1569 22179840
949 0.1553 21467136
950 0.1573 23298048
951 0.1526 21495808
952 0.156 24428544
953 0.1583 21966848
954 0.1559 24850432
955 0.1537 21794816
956 0.1543 21803008
957 0.1554 22138880
958 0.1531 23293952
959 0.1601 25051136
960 0.1572 21803008
961 0.1676 22032384
962 0.1591 24584192
963 0.1682 22446080
964 0.1613 21852160
965 0.1603 21872640
966 0.1561 25382912
967 0.1578 22069248
968 0.1545 21745664
969 0.1554 22765568
970 0.157 21831680
971 0.16 24772608
972 0.1559 22003712
973 0.1693 21962752
974 0.1625 24784896
975 0.1592 24420352
976 0.1614 24711168
977 0.1568 21995520
978 0.1622 24977408
979 0.164 25251840
980 0.1603 25042944
981 0.1609 22306816
982 0.1621 22446080
983 0.163 22274048
984 0.1609 24150016
985 0.1697 25780224
986 0.1658 23175168
987 0.161 22429696
988 0.1621 22167552
989 0.1588 22192128
990 0.1596 23269376
991 0.1652 22335488
992 0.1606 23351296
993 0.1701 23187456
994 0.1659 22323200
995 0.1653 23990272
996 0.1614 23904256
997 0.1645 24629248
998 0.1609 24498176
999 0.1669 24952832
1000 0.17 25198592