1 0.0408 11059200
2 0.0457 10985472
3 0.0418 11005952
4 0.0449 11022336
5 0.0442 11137024
6 0.0445 11096064
7 0.0428 11042816
8 0.0471 11079680
9 0.0514 11128832
10 0.0468 11149312
11 0.0511 11149312
12 0.0448 11161600
13 0.0493 11210752
14 0.0506 11280384
15 0.0488 11304960
16 0.0463 11288576
17 0.0472 11313152
18 0.05 11325440
19 0.0515 11407360
20 0.0509 11370496
21 0.0501 11415552
22 0.0499 11431936
23 0.053 11452416
24 0.0532 11567104
25 0.0552 11595776
26 0.0608 11624448
27 0.0519 11563008
28 0.0557 11591680
29 0.0522 11620352
30 0.0531 11653120
31 0.0527 11653120
32 0.0543 11755520
33 0.0579 11739136
34 0.064 11833344
35 0.0594 11796480
36 0.0601 11841536
37 0.0559 11837440
38 0.0565 11878400
39 0.057 11948032
40 0.0578 11952128
41 0.0624 12038144
42 0.0636 12128256
43 0.0635 12025856
44 0.0638 12169216
45 0.0652 12189696
46 0.0705 12115968
47 0.0664 12255232
48 0.0686 12263424
49 0.0672 12320768
50 0.068 12357632
51 0.0664 12345344
52 0.0695 12337152
53 0.0688 12386304
54 0.0698 12468224
55 0.0764 12513280
56 0.0709 12537856
57 0.0715 12513280
58 0.072 12627968
59 0.0751 12595200
60 0.0712 12705792
61 0.0711 12730368
62 0.0759 12861440
63 0.0742 12771328
64 0.0733 12849152
65 0.071 12754944
66 0.0749 12894208
67 0.0724 12861440
68 0.0739 12914688
69 0.074 12943360
70 0.078 13090816
71 0.0767 13086720
72 0.0811 13242368
73 0.0841 13275136
74 0.0794 13193216
75 0.08 13279232
76 0.0782 13291520
77 0.0826 13332480
78 0.0821 13312000
79 0.0829 13381632
80 0.0861 13377536
81 0.0796 13402112
82 0.0862 13647872
83 0.082 13516800
84 0.0846 13574144
85 0.0862 13598720
86 0.0884 13688832
87 0.089 13705216
88 0.0899 13881344
89 0.0857 13787136
90 0.0885 13795328
91 0.0905 13897728
92 0.0954 14082048
93 0.0881 14028800
94 0.088 13996032
95 0.0912 14065664
96 0.0933 14221312
97 0.0919 14135296
98 0.0928 14311424
99 0.0945 14225408
100 0.0978 14417920
101 0.0975 14471168
102 0.0933 14397440
103 0.0988 14409728
104 0.1017 14475264
105 0.0993 14491648
106 0.1058 14684160
107 0.1036 14594048
108 0.0983 14680064
109 0.1031 14671872
110 0.1073 14913536
111 0.103 14897152
112 0.1085 14831616
113 0.1057 14872576
114 0.1061 14917632
115 0.1114 15151104
116 0.1092 15208448
117 0.1129 15241216
118 0.11 15269888
119 0.1164 15233024
120 0.1124 15241216
121 0.118 15278080
122 0.1078 15314944
123 0.1135 15532032
124 0.1129 15618048
125 0.1103 15495168
126 0.124 15699968
127 0.1138 15810560
128 0.1216 15659008
129 0.1124 15740928
130 0.1193 15769600
131 0.1256 15921152
132 0.1212 15884288
133 0.1217 15933440
134 0.127 16142336
135 0.1187 16109568
136 0.1179 16109568
137 0.129 16293888
138 0.1246 16392192
139 0.1241 16355328
140 0.1269 16347136
141 0.1279 16424960
142 0.1282 16584704
143 0.1302 16629760
144 0.131 16699392
145 0.1254 16691200
146 0.134 16936960
147 0.1342 16777216
148 0.132 16961536
149 0.1282 16863232
150 0.1384 17027072
151 0.1347 17117184
152 0.14 17268736
153 0.1423 17080320
154 0.1398 17203200
155 0.1377 17375232
156 0.1401 17387520
157 0.136 17403904
158 0.1431 17604608
159 0.1503 17620992
160 0.1432 17629184
161 0.1515 17641472
162 0.1452 17793024
163 0.1437 17670144
164 0.1462 17731584
165 0.1515 17965056
166 0.149 17924096
167 0.1473 18120704
168 0.1488 18214912
169 0.1548 18235392
170 0.161 18333696
171 0.1538 18366464
172 0.1532 18219008
173 0.1577 18481152
174 0.1561 18612224
175 0.1538 18419712
176 0.1623 18698240
177 0.1611 18628608
178 0.1591 18710528
179 0.1613 18706432
180 0.1618 18923520
181 0.1607 18903040
182 0.1656 18993152
183 0.1633 19038208
184 0.1704 19222528
185 0.1674 19140608
186 0.1674 19095552
187 0.1692 19304448
188 0.1695 19316736
189 0.1671 19283968
190 0.1779 19492864
191 0.1706 19558400
192 0.1719 19632128
193 0.1759 19644416
194 0.1832 19820544
195 0.1734 19939328
196 0.1896 19881984
197 0.1839 19947520
198 0.1707 19939328
199 0.1777 19988480
200 0.1768 20152320
201 0.1856 20385792
202 0.1821 20414464
203 0.1826 20316160
204 0.1888 20594688
205 0.1906 20672512
206 0.1833 20643840
207 0.1902 20631552
208 0.1864 20627456
209 0.1893 20725760
210 0.191 20881408
211 0.1888 21106688
212 0.1881 21176320
213 0.1971 20951040
214 0.198 21221376
215 0.1955 21168128
216 0.1958 21225472
217 0.2007 21266432
218 0.1966 21200896
219 0.1986 21372928
220 0.1992 21417984
221 0.1973 21585920
222 0.2024 21741568
223 0.2068 21655552
224 0.2072 21901312
225 0.2069 21966848
226 0.2156 22126592
227 0.2113 22134784
228 0.2104 22175744
229 0.2099 22028288
230 0.2125 22319104
231 0.2168 22372352
232 0.213 22487040
233 0.2195 22478848
234 0.2126 22413312
235 0.2159 22765568
236 0.2172 22859776
237 0.223 22847488
238 0.2149 22765568
239 0.2191 22917120
240 0.2177 22958080
241 0.2239 23257088
242 0.2303 23191552
243 0.2283 23347200
244 0.2198 23261184
245 0.2299 23470080
246 0.2357 23666688
247 0.2298 23482368
248 0.2345 23769088
249 0.2326 24035328
250 0.2309 23896064
251 0.2339 24043520
252 0.2327 23953408
253 0.2375 24236032