1 0.1918 21909504
2 0.1993 21815296
3 0.208 21954560
4 0.1977 21762048
5 0.2003 21823488
6 0.1968 22011904
7 0.1992 21962752
8 0.1904 21823488
9 0.2046 21946368
10 0.2028 21905408
11 0.1985 22048768
12 0.2045 21979136
13 0.2014 22061056
14 0.1932 21921792
15 0.2043 22351872
16 0.2036 22167552
17 0.2015 22106112
18 0.2106 22360064
19 0.2074 22142976
20 0.2038 22228992
21 0.2101 22511616
22 0.2088 22421504
23 0.2104 22261760
24 0.2092 22343680
25 0.2077 22376448
26 0.2073 22360064
27 0.2066 22478848
28 0.2122 22351872
29 0.2137 22601728
30 0.2102 22589440
31 0.2101 22614016
32 0.2195 22794240
33 0.212 22720512
34 0.2089 22736896
35 0.2124 22626304
36 0.2234 22851584
37 0.227 23007232
38 0.2169 22974464
39 0.2252 22847488
40 0.4198 22765568
41 0.3119 23027712
42 0.2193 23166976
43 0.2252 23166976
44 0.2285 23117824
45 0.2233 23134208
46 0.2284 23056384
47 0.2246 23207936
48 0.2253 23183360
49 0.2261 23351296
50 0.229 23228416
51 0.2376 23265280
52 0.2289 23285760
53 0.2223 23199744
54 0.2266 23388160
55 0.227 23310336
56 0.2296 23293952
57 0.2224 23552000
58 0.2257 23601152
59 0.2278 23388160
60 0.2301 23355392
61 0.2311 23498752
62 0.2315 23478272
63 0.229 23404544
64 0.2541 23633920
65 0.2336 23658496
66 0.2258 23420928
67 0.2307 23547904
68 0.2332 23494656
69 0.2303 23552000
70 0.2311 23617536
71 0.2353 23859200
72 0.2365 23543808
73 0.2331 23871488
74 0.2544 23777280
75 0.2361 23609344
76 0.233 23748608
77 0.2373 23699456
78 0.2368 23678976
79 0.2308 23842816
80 0.2337 23826432
81 0.2357 23658496
82 0.2384 23838720
83 0.2344 23797760
84 0.2366 23756800
85 0.2407 23855104
86 0.2322 24080384
87 0.2364 23990272
88 0.2404 23986176
89 0.2354 23904256
90 0.2397 23990272
91 0.2354 23875584
92 0.2386 24154112
93 0.2392 23932928
94 0.243 23982080
95 0.2355 24014848
96 0.2373 23904256
97 0.2422 23986176
98 0.2391 24100864
99 0.2404 24031232
100 0.24 24317952
101 0.2396 24027136
102 0.2391 24084480
103 0.2488 24244224
104 0.2411 24055808
105 0.247 24223744
106 0.2429 24256512
107 0.2413 24137728
108 0.2417 24166400
109 0.2418 24199168
110 0.2482 24248320
111 0.2432 24338432
112 0.2455 24424448
113 0.2476 24551424
114 0.2484 24272896
115 0.2443 24481792
116 0.2455 24637440
117 0.2454 24469504
118 0.2485 24367104
119 0.2506 24399872
120 0.2359 24268800
121 0.2477 24309760
122 0.2431 24580096
123 0.2484 24498176
124 0.2486 24465408
125 0.2472 24571904
126 0.2469 24457216
127 0.2464 24465408
128 0.2546 24489984
129 0.251 24674304
130 0.2459 24981504
131 0.2518 24535040
132 0.241 24485888
133 0.254 24588288
134 0.2444 24616960
135 0.2567 24584192
136 0.251 24645632
137 0.2454 24633344
138 0.2468 24764416
139 0.2596 24596480
140 0.2562 24760320
141 0.2514 24731648
142 0.2515 25006080
143 0.2499 25034752
144 0.2549 24739840
145 0.2494 24887296
146 0.2473 24911872
147 0.2479 24854528
148 0.2489 24829952
149 0.2558 24866816
150 0.2546 24997888
151 0.2661 24895488
152 0.2638 25133056
153 0.2556 24940544
154 0.2614 24940544
155 0.2584 24981504
156 0.2617 25239552
157 0.2559 24977408
158 0.2522 24936448
159 0.2579 25092096
160 0.2645 25059328
161 0.2487 25239552
162 0.2582 25194496
163 0.2583 25108480
164 0.2574 25395200
165 0.2536 25505792
166 0.2571 25202688
167 0.2586 25149440
168 0.258 25141248
169 0.2704 25243648
170 0.2595 25325568
171 0.265 25284608
172 0.2652 25149440
173 0.2531 25169920
174 0.265 25325568
175 0.269 25473024
176 0.2667 25440256
177 0.2662 25251840
178 0.2658 25378816
179 0.267 25391104
180 0.2638 25395200
181 0.2667 25485312
182 0.2637 25362432
183 0.2738 25440256
184 0.2663 25411584
185 0.265 25673728
186 0.271 25489408
187 0.2697 25571328
188 0.2724 25751552
189 0.2706 25616384
190 0.267 25681920
191 0.272 25579520
192 0.2742 25718784
193 0.2683 25755648
194 0.2726 25825280
195 0.2726 25772032
196 0.2616 25583616
197 0.2685 25698304
198 0.2669 25935872
199 0.2667 25812992
200 0.2678 25894912
201 0.2758 25866240
202 0.2668 25972736
203 0.2686 25845760
204 0.2684 25812992
205 0.2813 26091520
206 0.2751 25923584
207 0.2749 25841664
208 0.2659 26071040
209 0.2722 26038272
210 0.2663 25952256
211 0.2806 26161152
212 0.2763 25968640
213 0.2846 26079232
214 0.2719 25985024
215 0.2747 25915392
216 0.2731 26103808
217 0.2713 26005504
218 0.2747 26439680
219 0.2774 26042368
220 0.2748 26058752
221 0.2794 26230784
222 0.2815 26157056
223 0.2782 26255360
224 0.2824 26226688
225 0.2763 26271744
226 0.274 26177536
227 0.2762 26574848
228 0.2783 26349568
229 0.2827 26476544
230 0.2846 26320896
231 0.2838 26378240
232 0.2782 26386432
233 0.2775 26435584
234 0.2751 26210304
235 0.2856 26591232
236 0.2844 26312704
237 0.2803 26492928
238 0.2814 26492928
239 0.2808 26300416
240 0.2796 26398720
241 0.2806 26361856
242 0.2781 26746880
243 0.2834 26554368
244 0.2837 26574848
245 0.282 26566656
246 0.2794 26673152
247 0.2879 26492928
248 0.2872 26574848
249 0.2893 26648576
250 0.2886 26779648
251 0.3898 26677248
252 0.2905 26710016
253 0.2803 26554368
254 0.2848 26783744
255 0.2867 26710016
256 0.2991 26972160
257 0.2845 26836992
258 0.2853 26882048
259 0.2866 26816512
260 0.2887 26779648
261 0.2906 26832896
262 0.2922 26906624
263 0.2884 26886144
264 0.2909 27107328
265 0.2924 27062272
266 0.2937 26787840
267 0.2927 26873856
268 0.2989 27291648
269 0.2867 27021312
270 0.2937 27090944
271 0.2922 26951680
272 0.293 27062272
273 0.2946 27066368
274 0.3025 27054080
275 0.2978 27119616
276 0.3092 27271168
277 0.2937 27275264
278 0.2977 27176960
279 0.3015 27107328
280 0.3049 27127808
281 0.3031 27373568
282 0.3087 27373568
283 0.3004 27148288
284 0.2991 27389952
285 0.2932 27230208
286 0.309 27271168
287 0.2909 27443200
288 0.2966 27398144
289 0.3007 27410432
290 0.2966 27279360
291 0.2935 27410432
292 0.3012 27258880
293 0.2999 27480064
294 0.2939 27623424
295 0.2991 27504640
296 0.3141 27455488
297 0.3359 27561984
298 0.304 27607040
299 0.3017 27508736
300 0.2984 27574272
301 0.3005 27627520
302 0.3045 27570176
303 0.304 27693056
304 0.2963 27529216
305 0.3012 27516928
306 0.3017 27856896
307 0.3033 27631616
308 0.3033 27774976
309 0.3073 27852800
310 0.3071 27746304
311 0.3078 27725824
312 0.3095 27746304
313 0.3043 27770880
314 0.3077 27820032
315 0.3086 27840512
316 0.3044 27750400
317 0.3096 27869184
318 0.3089 27979776
319 0.3099 28028928
320 0.3171 27975680
321 0.3199 27762688
322 0.3167 27856896
323 0.3194 27955200
324 0.3198 28065792
325 0.3144 28037120
326 0.3216 27942912
327 0.3054 28147712
328 0.3119 27951104
329 0.3272 28135424
330 0.3108 27959296
331 0.3154 28200960
332 0.3169 28123136
333 0.3089 28155904
334 0.312 28057600
335 0.2985 27987968
336 0.3048 28135424
337 0.3138 28098560
338 0.3379 28188672
339 0.3356 28168192
340 0.3336 28151808
341 0.3315 28377088
342 0.3285 28463104
343 0.3193 28336128
344 0.3371 28364800
345 0.3152 28286976
346 0.3184 28323840
347 0.3222 28352512
348 0.31 28561408
349 0.3165 28344320
350 0.3181 28491776
351 0.3224 28454912
352 0.3117 28450816
353 0.3252 28520448
354 0.3179 28409856
355 0.3195 28692480
356 0.315 28491776
357 0.3211 28741632
358 0.3159 28737536
359 0.3145 28405760
360 0.3241 28618752
361 0.3174 28639232
362 0.3114 28835840
363 0.3183 28672000
364 0.3136 28483584
365 0.3157 28880896
366 0.3134 28737536
367 0.3117 28700672
368 0.3153 28979200
369 0.3221 28835840
370 0.3212 28823552
371 0.3254 28766208
372 0.3199 28815360
373 0.3242 28938240
374 0.3212 28946432
375 0.3176 28884992
376 0.3199 28692480
377 0.3343 29040640
378 0.3238 28884992
379 0.3277 29036544
380 0.3299 29065216
381 0.3242 28975104
382 0.3264 29134848
383 0.3344 29061120
384 0.3203 28827648
385 0.3267 29048832
386 0.3224 29151232
387 0.3275 29077504
388 0.3318 29003776
389 0.3315 29130752
390 0.3333 28999680
391 0.3292 29220864
392 0.3284 29167616
393 0.3265 29147136
394 0.3286 29249536
395 0.3235 29093888
396 0.3288 29040640
397 0.323 29245440
398 0.3336 29294592
399 0.3351 29155328
400 0.3293 29196288
401 0.3365 29237248
402 0.3273 29519872
403 0.3335 29511680
404 0.3345 29364224
405 0.3408 29401088
406 0.3312 29503488
407 0.3317 29503488
408 0.3334 29351936
409 0.3402 29421568
410 0.3356 29650944
411 0.3274 29548544
412 0.3356 29532160
413 0.3375 29605888
414 0.334 29597696
415 0.3375 29442048
416 0.3353 29655040
417 0.3502 29745152
418 0.335 29827072
419 0.3405 29675520
420 0.3343 29622272
421 0.3413 29626368
422 0.3317 29544448
423 0.337 29872128
424 0.3309 29548544
425 0.3458 29663232
426 0.3266 29892608
427 0.3276 30097408
428 0.335 29769728
429 0.3351 29835264
430 0.3408 30003200
431 0.3389 29810688
432 0.3386 29839360
433 0.3385 29769728
434 0.3423 29880320
435 0.3485 29900800
436 0.3378 29941760
437 0.3413 30031872
438 0.3387 30117888
439 0.3408 30146560
440 0.3464 29970432
441 0.3418 30138368
442 0.3846 30044160
443 0.3498 29986816
444 0.3446 29982720
445 0.3453 30130176
446 0.3459 30203904
447 0.3433 30167040
448 0.3462 30031872
449 0.3459 30216192
450 0.3486 30261248
451 0.3451 30273536
452 0.3486 30167040
453 0.3383 30277632
454 0.3477 30273536
455 0.3439 30425088
456 0.3499 30380032
457 0.3498 30408704
458 0.3429 30420992
459 0.3434 30167040
460 0.351 30408704
461 0.3483 30371840
462 0.3489 30388224
463 0.3548 30306304
464 0.3454 30351360
465 0.354 30420992
466 0.3597 30507008
467 0.3546 30572544
468 0.3506 30666752
469 0.3537 30580736
470 0.3495 30752768
471 0.355 30740480
472 0.3485 30724096
473 0.348 30699520
474 0.3533 30384128
475 0.3546 30666752
476 0.3677 30593024
477 0.3507 30801920
478 0.3521 30519296
479 0.3504 30576640
480 0.3524 30650368
481 0.3559 30707712
482 0.3602 30732288
483 0.3657 30748672
484 0.3548 30699520
485 0.357 30724096
486 0.3553 30650368
487 0.3539 30875648
488 0.3545 30834688
489 0.3546 30715904
490 0.3543 30736384
491 0.3575 30707712
492 0.3594 30842880
493 0.3565 30937088
494 0.3548 30908416
495 0.3512 30969856
496 0.358 30986240
497 0.3658 30900224
498 0.3648 31211520
499 0.3519 30973952
500 0.3567 30892032
501 0.3546 31121408
502 0.3602 31092736
503 0.363 31133696
504 0.3603 31256576
505 0.3549 31141888
506 0.3557 31117312
507 0.3682 31215616
508 0.4196 31125504
509 0.3608 31203328
510 0.3584 31256576
511 0.3539 31154176
512 0.3625 31326208
513 0.3669 31432704
514 0.3651 31367168
515 0.352 31207424
516 0.3618 31162368
517 0.3658 31420416
518 0.3648 31379456
519 0.3758 31465472
520 0.3655 31281152
521 0.3717 31531008
522 0.3712 31342592
523 0.3814 31371264
524 0.3756 31481856
525 0.372 31514624
526 0.3713 31424512
527 0.5311 31608832
528 0.3643 31408128
529 0.3641 31866880
530 0.3699 31715328
531 0.3703 31588352
532 0.375 31776768
533 0.3696 31404032
534 0.3697 31432704
535 0.3703 31526912
536 0.3752 31539200
537 0.3717 31547392
538 0.3738 31854592
539 0.3766 31903744
540 0.3644 31805440
541 0.3713 31911936
542 0.3701 31850496
543 0.3781 31694848
544 0.3812 31965184
545 0.366 32018432
546 0.373 31703040
547 0.5459 31813632
548 0.3652 32014336
549 0.3687 32014336
550 0.3771 32022528
551 0.3776 31830016
552 0.3801 32047104
553 0.3819 31903744
554 0.3793 31891456
555 0.3759 32161792
556 0.3724 32030720
557 0.376 32178176
558 0.3759 32067584
559 0.3782 32346112
560 0.3708 32104448
561 0.3817 32358400
562 0.3856 32415744
563 0.3777 32210944
564 0.3809 32354304
565 0.3848 32116736
566 0.3868 32165888
567 0.5434 32260096
568 0.3799 32317440
569 0.3855 32382976
570 0.3729 32178176
571 0.3804 32186368
572 0.3853 32301056
573 0.3817 32178176
574 0.5592 32231424
575 0.3832 32309248
576 0.388 32632832
577 0.3877 32563200
578 0.3771 32456704
579 0.3812 32497664
580 0.3888 32436224
581 0.3852 32575488
582 0.3796 32219136
583 0.3853 32395264
584 0.3859 32575488
585 0.3872 32587776
586 0.3878 32481280
587 0.3874 32583680
588 0.394 32485376
589 0.392 32497664
590 0.3869 32395264
591 0.3862 32649216
592 0.3927 32690176
593 0.3872 32456704
594 0.5507 32444416
595 0.3961 32546816
596 0.3884 32780288
597 0.3885 32866304
598 0.3929 32845824
599 0.3945 32587776
600 0.3946 32849920
601 0.3931 32989184
602 0.3941 32845824
603 0.4014 32546816
604 0.5751 32751616
605 0.3982 32985088
606 0.3923 32923648
607 0.3953 33005568
608 0.3898 33005568
609 0.3933 32935936
610 0.3956 32993280
611 0.3972 32739328
612 0.3911 33013760
613 0.3989 33067008
614 0.4023 33001472
615 0.4007 33120256
616 0.3993 32997376
617 0.3998 32976896
618 0.3916 33079296
619 0.3984 33128448
620 0.3968 33263616
621 0.5761 33042432
622 0.3934 33091584
623 0.4022 33239040
624 0.4061 33259520
625 0.392 33353728
626 0.3964 33062912
627 0.3927 33075200
628 0.398 33226752
629 0.4016 33361920
630 0.399 33251328
631 0.4111 33378304
632 0.3988 33230848
633 0.4009 33361920
634 0.3946 33312768
635 0.4008 33116160
636 0.5695 33464320
637 0.402 33366016
638 0.4059 33243136
639 0.4081 33140736
640 0.4031 33185792
641 0.4027 33296384
642 0.4099 33517568
643 0.5814 33554432
644 0.4008 33374208
645 0.4126 33665024
646 0.405 33583104
647 0.4137 33701888
648 0.4055 33689600
649 0.4121 33611776
650 0.4074 33681408
651 0.4073 33673216
652 0.4044 33615872
653 0.4069 33685504
654 0.4108 33632256
655 0.4134 33796096
656 0.4014 33611776
657 0.4123 33796096
658 0.4095 33775616
659 0.4138 33869824
660 0.4148 33857536
661 0.4098 33927168
662 0.4023 33882112
663 0.5931 33988608
664 0.415 33734656
665 0.4165 33947648
666 0.4113 34082816
667 0.4098 33878016
668 0.4111 33882112
669 0.4126 33816576
670 0.4122 33906688
671 0.413 33718272
672 0.4081 33701888
673 0.4122 33787904
674 0.4216 34037760
675 0.4151 33812480
676 0.4139 33751040
677 0.4172 34054144
678 0.4105 34144256
679 0.4165 34127872
680 0.4124 34107392
681 0.42 33984512
682 0.4172 34230272
683 0.597 33992704
684 0.4194 34271232
685 0.4322 34144256
686 0.4196 34488320
687 0.4115 34115584
688 0.4217 34398208
689 0.4168 34418688
690 0.4177 34136064
691 0.4182 34287616
692 0.4221 34480128
693 0.4194 34435072
694 0.4277 34537472
695 0.4182 34435072
696 0.4145 34250752
697 0.4135 34553856
698 0.4267 34447360
699 0.421 34213888
700 0.4063 34410496
701 0.4239 34619392
702 0.4168 34648064
703 0.4204 34660352
704 0.4152 34639872
705 0.4142 34586624
706 0.4154 34480128
707 0.4232 34770944
708 0.4255 34529280
709 0.6058 34803712
710 0.4302 34836480
711 0.4292 34574336
712 0.4275 34553856
713 0.4292 34639872
714 0.4208 35041280
715 0.4322 34811904
716 0.4285 34918400
717 0.4348 34934784
718 0.4227 35004416
719 0.4279 34930688
720 0.4256 34861056
721 0.4323 35016704
722 0.4279 34693120
723 0.4294 34652160
724 0.4309 34922496
725 0.4281 34873344
726 0.4348 35049472
727 0.4304 34807808
728 0.4285 35045376
729 0.6044 34783232
730 0.4404 34852864
731 0.4327 35074048
732 0.4225 34746368
733 0.4429 35274752
734 0.438 35389440
735 0.4314 34852864
736 0.4296 35090432
737 0.4391 35086336
738 0.4302 35065856
739 0.4355 35409920
740 0.4321 35377152
741 0.4297 35184640
742 0.4377 34983936
743 0.4273 35418112
744 0.4322 35074048
745 0.4252 35606528
746 0.4348 35434496
747 0.4343 35459072
748 0.4374 35418112
749 0.4342 35356672
750 0.4452 35299328
751 0.4309 35471360
752 0.4363 35127296
753 0.434 35463168
754 0.4312 35520512
755 0.4329 35430400
756 0.4349 35233792
757 0.4528 35627008
758 0.441 35639296
759 0.4452 35487744
760 0.4509 35315712
761 0.4421 35434496
762 0.4412 35647488
763 0.4391 35635200
764 0.4401 35606528
765 0.4457 35618816
766 0.4396 35672064
767 0.4423 35713024
768 0.4432 35848192
769 0.4326 35835904
770 0.4433 35860480
771 0.4485 35856384
772 0.4438 35631104
773 0.4344 35524608
774 0.4469 35827712
775 0.4474 35684352
776 0.4463 35803136
777 0.4535 35782656
778 0.4448 35950592
779 0.4455 35819520
780 0.453 35840000
781 0.4457 35995648
782 0.4557 35942400
783 0.4408 35614720
784 0.4441 35889152
785 0.4476 35844096
786 0.4557 35835904
787 0.4504 36241408
788 0.4471 36126720
789 0.449 35999744
790 0.4809 36032512
791 0.4486 35852288
792 0.4482 35758080
793 0.4507 36433920
794 0.4507 36270080
795 0.447 36380672
796 0.4529 35880960
797 0.4477 36114432
798 0.4448 35852288
799 0.452 35954688
800 0.4487 36089856
801 0.4509 36270080
802 0.4461 36229120
803 0.448 36331520
804 0.4464 36380672
805 0.4521 36495360
806 0.4581 36323328
807 0.46 36220928
808 0.4501 36102144
809 0.4541 36487168
810 0.4523 36515840
811 0.4501 36159488
812 0.4562 36507648
813 0.4568 36495360
814 0.4579 36724736
815 0.4653 36614144
816 0.4616 36438016
817 0.4614 36663296
818 0.4533 36311040
819 0.4525 36704256
820 0.4589 36683776
821 0.4641 36642816
822 0.4632 36683776
823 0.4574 36851712
824 0.4631 36728832
825 0.4582 36745216
826 0.4637 36519936
827 0.4596 36728832
828 0.4545 36687872
829 0.4684 36691968
830 0.4627 37068800
831 0.4556 36786176
832 0.4685 36974592
833 0.4608 37023744
834 0.4658 36892672
835 0.4748 36859904
836 0.4597 36712448
837 0.46 36962304
838 0.4579 36769792
839 0.4726 36990976
840 0.4646 36864000
841 0.467 36995072
842 0.4746 37232640
843 0.4679 37195776
844 0.4622 37326848
845 0.4723 37097472
846 0.4569 36913152
847 0.4609 37068800
848 0.4595 37175296
849 0.455 37203968
850 0.4716 36900864
851 0.4694 37228544
852 0.4695 37052416
853 0.4667 37056512
854 0.4662 37199872
855 0.4643 37392384
856 0.4688 37302272
857 0.4827 37249024
858 0.4977 37371904
859 0.4859 37351424
860 0.4815 37326848
861 0.4736 37191680
862 0.5103 37634048
863 0.476 37412864
864 0.4744 37138432
865 0.4695 37367808
866 0.475 37429248
867 0.4856 37167104
868 0.4783 37539840
869 0.4762 37601280
870 0.4729 37306368
871 0.4778 37466112
872 0.4773 37478400
873 0.4782 37478400
874 0.4782 37474304
875 0.4732 37613568
876 0.474 37347328
877 0.4754 37777408
878 0.4689 37253120
879 0.4777 37658624
880 0.4767 37548032
881 0.4839 37711872
882 0.4718 37793792
883 0.4765 37642240
884 0.4833 37732352
885 0.4765 37871616
886 0.4758 37904384
887 0.4739 37842944
888 0.4806 37728256
889 0.4806 37789696
890 0.4687 37466112
891 0.4815 37871616
892 0.4896 37888000
893 0.4844 37867520
894 0.4782 37871616
895 0.4837 37990400
896 0.4765 37826560
897 0.4791 37965824
898 0.4863 37941248
899 0.4811 37941248
900 0.485 37949440
901 0.4817 38002688
902 0.4863 38010880
903 0.4858 37928960
904 0.4842 38154240
905 0.4841 38191104
906 0.4817 38092800
907 0.4833 38318080
908 0.4876 37838848
909 0.4873 38342656
910 0.4887 38096896
911 0.4834 38215680
912 0.4933 38354944
913 0.4934 38019072
914 0.4911 38338560
915 0.4877 38232064
916 0.4952 38256640
917 0.4799 38264832
918 0.49 38244352
919 0.4936 38264832
920 0.486 38088704
921 0.4947 38629376
922 0.4899 38371328
923 0.4838 38301696
924 0.4947 38170624
925 0.4904 38645760
926 0.4987 38551552
927 0.4862 38391808
928 0.4881 38379520
929 0.4907 38674432
930 0.4834 38674432
931 0.4951 38260736
932 0.4899 38731776
933 0.4945 38510592
934 0.5056 38686720
935 0.4899 38658048
936 0.4985 38707200
937 0.4994 38531072
938 0.4925 38559744
939 0.4856 38629376
940 0.4986 38924288
941 0.4885 38662144
942 0.4986 38809600
943 0.4991 38879232
944 0.4916 38584320
945 0.5018 38563840
946 0.5029 38793216
947 0.5038 38785024
948 0.4968 38871040
949 0.497 38866944
950 0.5 38887424
951 0.5048 39075840
952 0.4966 38981632
953 0.5036 39034880
954 0.4934 38731776
955 0.5034 39133184
956 0.5076 39075840
957 0.5102 38817792
958 0.5006 39055360
959 0.4994 38764544
960 0.5069 39100416
961 0.4976 38727680
962 0.5335 39501824
963 0.503 38842368
964 0.5103 39456768
965 0.5105 39174144
966 0.5059 39321600
967 0.5046 38912000
968 0.5445 39481344
969 0.5052 39051264
970 0.5064 39378944
971 0.5009 39211008
972 0.51 39178240
973 0.5123 39415808
974 0.5037 39497728
975 0.4918 38936576
976 0.4984 39403520
977 0.4942 39206912
978 0.4964 39395328
979 0.5117 39313408
980 0.5168 39444480
981 0.512 39555072
982 0.5037 39182336
983 0.5037 39673856
984 0.5124 39358464
985 0.5016 39260160
986 0.5162 39505920
987 0.5282 39727104
988 0.5054 39366656
989 0.5039 39321600
990 0.5039 39772160
991 0.5117 39514112
992 0.5157 39546880
993 0.5142 39546880
994 0.5103 39190528
995 0.5053 39485440
996 0.5323 39596032
997 0.5181 39317504
998 0.5099 39456768
999 0.5161 39477248
1000 0.5134 39514112