1 0.2209 21868544
2 0.3307 22130688
3 0.2145 21942272
4 0.2257 22151168
5 0.2293 22016000
6 0.2226 21983232
7 0.2261 22048768
8 0.2279 22282240
9 0.2232 22085632
10 0.2306 22032384
11 0.2449 22163456
12 0.2295 22265856
13 0.2344 22134784
14 0.2419 22163456
15 0.2304 22286336
16 0.2378 22212608
17 0.2425 22401024
18 0.2408 22564864
19 0.2419 22728704
20 0.2414 22491136
21 0.2829 22802432
22 0.2545 22728704
23 0.2534 22781952
24 0.25 22781952
25 0.2566 22876160
26 0.2524 22884352
27 0.2529 22962176
28 0.2621 23076864
29 0.2601 23117824
30 0.2648 23154688
31 0.3019 23363584
32 0.2666 23445504
33 0.2754 23601152
34 0.2719 23539712
35 0.2676 23601152
36 0.2758 24014848
37 0.2681 23752704
38 0.2699 23715840
39 0.2831 23826432
40 0.2821 23879680
41 0.3026 24186880
42 0.2907 24395776
43 0.2894 24305664
44 0.2936 24342528
45 0.303 24559616
46 0.3006 24494080
47 0.2962 24666112
48 0.3084 24596480
49 0.3035 24715264
50 0.3049 24625152
51 0.3102 24690688
52 0.3085 24961024
53 0.3103 25067520
54 0.311 25165824
55 0.3141 24985600
56 0.3173 25038848
57 0.3156 25034752
58 0.3197 25116672
59 0.3197 25079808
60 0.3239 25235456
61 0.3272 25313280
62 0.3349 25296896
63 0.3357 25354240
64 0.3383 25489408
65 0.3357 25583616
66 0.345 25710592
67 0.3719 25583616
68 0.3365 25583616
69 0.3519 25759744
70 0.3372 25698304
71 0.3551 25845760
72 0.3522 25808896
73 0.3549 25866240
74 0.3636 25956352
75 0.3698 26021888
76 0.3682 26157056
77 0.3738 26071040
78 0.3708 26255360
79 0.3676 26087424
80 0.3744 26357760
81 0.3782 26324992
82 0.3767 26439680
83 0.3768 26513408
84 0.3818 26521600
85 0.3851 26517504
86 0.3794 26636288
87 0.3932 26705920
88 0.3933 26771456
89 0.4122 26836992
90 0.3993 26849280
91 0.4005 26935296
92 0.4061 27070464
93 0.406 27025408
94 0.4058 27123712
95 0.4132 27082752
96 0.4144 27181056
97 0.4203 27287552
98 0.4354 27303936
99 0.4221 27324416
100 0.4189 27205632
101 0.4284 27430912
102 0.4293 27607040
103 0.4368 27525120
104 0.4362 27631616
105 0.4506 27734016
106 0.436 27684864
107 0.4385 27787264
108 0.4456 27844608
109 0.4447 27897856
110 0.463 27897856
111 0.4499 28225536
112 0.4694 28073984
113 0.4708 28033024
114 0.4723 28147712
115 0.4794 28225536
116 0.4676 28155904
117 0.4711 28352512
118 0.4737 28250112
119 0.4879 28475392
120 0.4836 28786688
121 0.4946 28540928
122 0.4974 28536832
123 0.501 28672000
124 0.5015 28663808
125 0.5135 28725248
126 0.5064 28839936
127 0.5155 28827648
128 0.5262 29040640
129 0.5358 29061120
130 0.5147 29143040
131 0.5316 29253632
132 0.557 29188096
133 0.5507 29310976
134 0.5543 29556736
135 0.5384 29470720
136 0.5446 29474816
137 0.5638 29634560
138 0.5502 29687808
139 0.5623 29749248
140 0.5673 29659136
141 0.5669 29888512
142 0.5786 29822976
143 0.5784 29925376
144 0.5809 29937664
145 0.5828 30060544
146 0.5787 30146560
147 0.605 30121984
148 0.5921 30310400
149 0.7083 30339072
150 0.6275 30392320
151 0.6192 30314496
152 0.61 30457856
153 0.616 30466048
154 0.6402 30478336
155 0.6376 30515200
156 0.6431 30642176
157 0.6565 30752768
158 0.6421 30760960
159 0.6655 30920704
160 0.6688 30982144
161 0.6568 31043584
162 0.6779 31023104
163 0.6675 31023104
164 0.6859 31084544
165 0.6987 31264768
166 0.6754 31350784
167 0.6962 31387648
168 0.6853 31363072
169 0.6835 31465472
170 0.6933 31490048
171 0.7017 31465472
172 0.6798 31490048
173 0.7124 31338496
174 0.7282 31399936
175 0.7153 31252480
176 0.7255 31580160
177 0.7319 31342592
178 0.7389 31612928
179 0.7858 31694848
180 0.7467 31715328
181 0.7534 31825920
182 0.7568 31870976
183 0.7593 31928320
184 0.7705 31936512
185 0.7791 32075776
186 0.7757 31965184
187 0.7756 32145408
188 0.7734 32260096
189 0.7927 32301056
190 0.7986 32256000
191 0.8031 32362496
192 0.8223 32534528
193 0.8002 32399360
194 0.8008 32669696
195 0.8209 32620544
196 0.8144 32718848
197 0.8201 32677888
198 0.8537 32870400
199 0.8552 32919552