1 0.0068 9625600
2 0.0066 9621504
3 0.0066 9625600
4 0.0068 9621504
5 0.0073 9654272
6 0.0071 9621504
7 0.0076 9658368
8 0.0079 9674752
9 0.0082 9678848
10 0.0096 9699328
11 0.0086 9695232
12 0.0084 9666560
13 0.0091 9687040
14 0.0092 9732096
15 0.0098 9723904
16 0.0101 9732096
17 0.01 9723904
18 0.0103 9748480
19 0.0108 9756672
20 0.0113 9744384
21 0.0108 9777152
22 0.0121 9781248
23 0.0145 9781248
24 0.0121 9781248
25 0.0119 9797632
26 0.0121 9801728
27 0.0125 9793536
28 0.0129 9801728
29 0.014 9830400
30 0.0162 9805824
31 0.0134 9842688
32 0.015 9842688
33 0.018 9850880
34 0.0143 9859072
35 0.014 9850880
36 0.0144 9850880
37 0.0145 9863168
38 0.0149 9875456
39 0.0151 9875456
40 0.0161 9887744
41 0.0163 9891840
42 0.0165 9900032
43 0.0169 9916416
44 0.0162 9916416
45 0.0167 9932800
46 0.0198 9932800
47 0.0209 9940992
48 0.0183 9945088
49 0.0183 9957376
50 0.0216 9957376
51 0.0214 9969664
52 0.0205 9957376
53 0.0182 9981952
54 0.0202 9994240
55 0.0188 9969664
56 0.0218 9981952
57 0.0197 10002432
58 0.0197 9973760
59 0.0204 10018816
60 0.0225 10006528
61 0.019 9994240
62 0.021 10018816
63 0.0214 10051584
64 0.0207 10027008
65 0.0216 10055680
66 0.0254 10059776
67 0.0222 10067968
68 0.0233 10063872
69 0.0224 10072064
70 0.0225 10067968
71 0.0227 10096640
72 0.0247 10129408
73 0.0248 10117120
74 0.0245 10125312
75 0.0246 10129408
76 0.0223 10129408
77 0.024 10133504
78 0.0242 10129408
79 0.0258 10199040
80 0.0252 10153984
81 0.0282 10137600
82 0.0267 10182656
83 0.0257 10178560
84 0.0254 10194944
85 0.0255 10194944
86 0.0271 10207232
87 0.0305 10240000
88 0.0297 10215424
89 0.0301 10215424
90 0.0267 10219520
91 0.0276 10227712
92 0.0284 10244096
93 0.029 10235904
94 0.0275 10248192
95 0.0287 10289152
96 0.0315 10260480
97 0.0272 10256384
98 0.0278 10272768
99 0.0323 10280960
100 0.0298 10313728
101 0.0292 10309632
102 0.0299 10317824
103 0.032 10358784
104 0.0307 10321920
105 0.0336 10317824
106 0.0316 10326016
107 0.0316 10346496
108 0.0309 10346496
109 0.0349 10350592
110 0.032 10362880
111 0.0315 10354688
112 0.033 10366976
113 0.0355 10371072
114 0.0355 10354688
115 0.0336 10387456
116 0.0375 10407936
117 0.0357 10448896
118 0.0345 10416128
119 0.0405 10469376
120 0.0329 10420224
121 0.0335 10428416
122 0.0355 10432512
123 0.0403 10448896
124 0.0339 10448896
125 0.0392 10444800
126 0.0423 10514432
127 0.0364 10473472
128 0.0375 10461184
129 0.0365 10485760
130 0.0364 10534912
131 0.0365 10493952
132 0.0373 10502144
133 0.041 10502144
134 0.041 10543104
135 0.0371 10522624
136 0.0386 10522624
137 0.0384 10534912
138 0.0416 10596352
139 0.0377 10543104
140 0.0388 10551296
141 0.039 10555392
142 0.0374 10563584
143 0.0398 10571776
144 0.039 10596352
145 0.0385 10588160
146 0.0395 10600448
147 0.0422 10620928
148 0.0434 10596352
149 0.0399 10616832
150 0.0398 10620928
151 0.0429 10620928
152 0.0404 10645504
153 0.0421 10641408
154 0.0407 10649600
155 0.0449 10665984
156 0.0438 10694656
157 0.0445 10682368
158 0.0446 10649600
159 0.042 10678272
160 0.0437 10678272
161 0.0465 10719232
162 0.0506 10756096
163 0.052 10764288
164 0.0462 10698752
165 0.0464 10715136
166 0.0466 10776576
167 0.0444 10719232
168 0.0459 10719232
169 0.0462 10784768
170 0.0456 10760192
171 0.0436 10735616
172 0.0475 10817536
173 0.0622 10772480
174 0.0502 10743808
175 0.0492 10805248
176 0.0466 10788864
177 0.0491 10858496
178 0.0487 10842112
179 0.0505 10833920
180 0.0498 10784768
181 0.0464 10788864
182 0.0451 10772480
183 0.0476 10801152
184 0.0462 10825728
185 0.0518 10878976
186 0.0617 10928128
187 0.0596 10891264
188 0.0582 10891264
189 0.0508 10850304
190 0.0501 10895360
191 0.0507 10903552
192 0.0522 10874880
193 0.0532 10948608
194 0.052 10911744
195 0.0489 10891264
196 0.0498 10895360
197 0.0507 10907648
198 0.055 11055104
199 0.0554 11030528
200 0.0514 10956800
201 0.0509 10911744
202 0.0595 10997760
203 0.0692 11005952
204 0.0555 10985472
205 0.0535 10969088
206 0.0575 11083776
207 0.0674 11042816
208 0.0556 11026432
209 0.0623 11063296
210 0.0602 11100160
211 0.0598 11018240
212 0.0595 11067392
213 0.0614 11112448
214 0.0648 11096064
215 0.0635 11165696
216 0.06 11128832
217 0.0554 11042816
218 0.0567 11046912
219 0.0581 11051008
220 0.0611 11108352
221 0.0604 11124736
222 0.0674 11186176
223 0.0569 11079680
224 0.0626 11116544
225 0.0611 11087872
226 0.057 11083776
227 0.0612 11157504
228 0.0605 11132928
229 0.061 11091968
230 0.0591 11173888
231 0.0574 11120640
232 0.0613 11186176
233 0.059 11132928
234 0.0654 11268096
235 0.0638 11194368
236 0.0581 11157504
237 0.0644 11272192
238 0.0641 11210752
239 0.0641 11239424
240 0.0651 11182080
241 0.0697 11280384
242 0.0637 11255808
243 0.0629 11268096
244 0.0625 11259904
245 0.061 11202560
246 0.0625 11218944
247 0.0617 11268096
248 0.0626 11235328
249 0.0619 11231232
250 0.0657 11247616
251 0.063 11288576
252 0.0638 11276288
253 0.0673 11251712
254 0.0637 11247616
255 0.064 11247616
256 0.0641 11296768
257 0.0623 11304960
258 0.0685 11333632
259 0.0669 11325440
260 0.0669 11296768
261 0.0654 11370496
262 0.0673 11440128
263 0.0723 11513856
264 0.0643 11341824
265 0.0665 11354112
266 0.0662 11345920
267 0.0655 11358208
268 0.0686 11358208
269 0.073 11386880
270 0.0663 11378688
271 0.0662 11386880
272 0.0698 11526144
273 0.0694 11501568
274 0.0722 11460608
275 0.0686 11403264
276 0.0732 11411456
277 0.067 11419648
278 0.0686 11419648
279 0.0692 11440128
280 0.0711 11534336
281 0.0717 11464704
282 0.0743 11587584
283 0.0721 11464704
284 0.0724 11554816
285 0.0729 11485184
286 0.0732 11481088
287 0.0777 11571200
288 0.0693 11485184
289 0.0731 11513856
290 0.0738 11513856
291 0.0729 11493376
292 0.0722 11530240
293 0.0762 11612160
294 0.0754 11530240
295 0.0742 11546624
296 0.076 11546624
297 0.0744 11571200
298 0.0788 11689984
299 0.0728 11653120
300 0.0741 11563008
301 0.0738 11571200
302 0.0749 11575296
303 0.0733 11583488
304 0.0767 11612160
305 0.0739 11640832
306 0.0777 11591680
307 0.0768 11612160
308 0.0752 11620352
309 0.0779 11698176
310 0.082 11677696
311 0.0829 11689984
312 0.0801 11644928
313 0.0821 11694080
314 0.0777 11702272
315 0.078 11669504
316 0.0753 11644928
317 0.0854 11747328
318 0.083 11718656
319 0.0828 11722752
320 0.0797 11681792
321 0.0831 11710464
322 0.0763 11845632
323 0.0787 11710464
324 0.0815 11788288
325 0.0788 11730944
326 0.0876 11808768
327 0.0802 11735040
328 0.0791 11747328
329 0.0798 11759616
330 0.0818 11845632
331 0.0812 11776000
332 0.0788 11771904
333 0.0792 11759616
334 0.0813 11857920
335 0.0806 11882496
336 0.0815 11792384
337 0.0805 11780096
338 0.0853 11943936
339 0.0804 11800576
340 0.0817 11804672
341 0.0857 11841536
342 0.0839 11997184
343 0.083 11821056
344 0.083 11849728
345 0.0874 11898880
346 0.0854 11845632
347 0.0816 11984896
348 0.0925 11935744
349 0.0831 11874304
350 0.0838 11878400
351 0.0918 11960320
352 0.0854 12013568
353 0.0856 11890688
354 0.0912 11911168
355 0.0857 11919360
356 0.0861 11898880
357 0.0911 11952128
358 0.0862 12029952
359 0.0908 12054528
360 0.0872 11943936
361 0.0874 12001280
362 0.0859 11931648
363 0.0889 11960320
364 0.0868 12005376
365 0.0949 12185600
366 0.1002 12050432
367 0.0893 12054528
368 0.089 11997184
369 0.092 12115968
370 0.0876 11997184
371 0.0899 12009472
372 0.0915 11988992
373 0.089 12013568
374 0.0913 11993088
375 0.0922 12095488
376 0.0867 12034048
377 0.0909 12054528
378 0.0952 12161024
379 0.0913 12099584
380 0.0966 12124160
381 0.0911 12062720
382 0.0934 12062720
383 0.0914 12075008
384 0.0909 12185600
385 0.0956 12132352
386 0.0917 12132352
387 0.091 12115968
388 0.0947 12222464
389 0.0966 12169216
390 0.0928 12226560
391 0.0944 12316672
392 0.0962 12156928
393 0.0982 12369920
394 0.0924 12152832
395 0.097 12165120
396 0.0962 12210176
397 0.0969 12165120
398 0.0937 12169216
399 0.0938 12177408
400 0.0986 12214272
401 0.0951 12206080
402 0.098 12214272
403 0.0991 12283904
404 0.0958 12296192
405 0.0963 12369920
406 0.0992 12365824
407 0.0996 12271616
408 0.0964 12238848
409 0.1013 12259328
410 0.1008 12398592
411 0.0993 12398592
412 0.1009 12275712
413 0.0977 12390400
414 0.0963 12288000
415 0.106 12378112
416 0.1042 12382208
417 0.1017 12414976
418 0.1002 12324864
419 0.1019 12328960
420 0.0991 12337152
421 0.1091 12468224
422 0.1001 12369920
423 0.1046 12447744
424 0.1036 12341248
425 0.1015 12337152
426 0.1021 12398592
427 0.1003 12353536
428 0.0993 12374016
429 0.0997 12382208
430 0.098 12464128
431 0.1035 12369920
432 0.1117 12525568
433 0.1072 12533760
434 0.1029 12513280
435 0.1087 12554240
436 0.1043 12423168
437 0.1072 12595200
438 0.1035 12439552
439 0.1056 12644352
440 0.102 12451840
441 0.1043 12525568
442 0.1045 12451840
443 0.1118 12492800
444 0.1087 12558336
445 0.1114 12562432
446 0.108 12640256
447 0.1059 12517376
448 0.1077 12705792
449 0.1035 12517376
450 0.1108 12673024
451 0.1051 12546048
452 0.1084 12652544
453 0.113 12554240
454 0.1073 12546048
455 0.1097 12697600
456 0.1064 12558336
457 0.109 12767232
458 0.114 12697600
459 0.1084 12582912
460 0.1128 12804096
461 0.1105 12591104
462 0.111 12648448
463 0.1154 12582912
464 0.1153 12664832
465 0.1136 12746752
466 0.1161 12668928
467 0.1118 12845056
468 0.1162 12656640
469 0.1086 12652544
470 0.112 12750848
471 0.1151 12849152
472 0.1092 12648448
473 0.1162 12865536
474 0.1115 12709888
475 0.1144 12828672
476 0.1163 12681216
477 0.1101 12812288
478 0.1288 12865536
479 0.1194 12926976
480 0.1165 12709888
481 0.1102 12718080
482 0.1223 12824576
483 0.1157 12800000
484 0.1113 12734464
485 0.1175 12963840
486 0.1258 12750848
487 0.1147 12750848
488 0.1229 12820480
489 0.1157 12918784
490 0.1129 12779520
491 0.1182 12812288
492 0.1191 12955648
493 0.115 12800000
494 0.1196 12976128
495 0.1166 12967936
496 0.1163 12808192
497 0.1211 13008896
498 0.1186 13025280
499 0.1166 12832768
500 0.1203 12967936
501 0.1184 12849152
502 0.1234 12828672
503 0.1186 12853248
504 0.1209 12881920
505 0.12 12865536
506 0.1176 12877824
507 0.1237 12963840
508 0.1238 13086720
509 0.1218 12967936
510 0.1189 12902400
511 0.122 13156352
512 0.1174 12926976
513 0.1188 12943360
514 0.1186 12926976
515 0.1178 12935168
516 0.1374 12992512
517 0.1229 13078528
518 0.1336 13062144
519 0.1254 13234176
520 0.14 12984320
521 0.1454 13299712
522 0.1353 13115392
523 0.1316 13058048
524 0.1456 13053952
525 0.1351 13008896
526 0.1521 13139968
527 0.1369 13180928
528 0.2183 13111296
529 0.1651 13086720
530 0.1326 13254656
531 0.1234 13139968
532 0.1676 13312000
533 0.146 13291520
534 0.1404 13062144
535 0.1398 13242368
536 0.1418 13221888
537 0.1267 13352960
538 0.1368 13242368
539 0.1377 13176832
540 0.1498 13185024
541 0.1566 13271040
542 0.1664 13299712
543 0.1335 13180928
544 0.1645 13410304
545 0.1452 13406208
546 0.1431 13254656
547 0.1978 13258752
548 0.1987 13336576
549 0.1855 13250560
550 0.1765 13312000
551 0.1805 13283328
552 0.1405 13201408
553 0.1377 13234176
554 0.1435 13373440
555 0.1303 13197312
556 0.1291 13279232
557 0.1321 13451264
558 0.1325 13443072
559 0.1592 13299712
560 0.1768 13373440
561 0.1993 13336576
562 0.1802 13340672
563 0.1589 13275136
564 0.1442 13254656
565 0.1502 13295616
566 0.1472 13492224
567 0.1458 13336576
568 0.148 13443072
569 0.1522 13447168
570 0.1493 13438976
571 0.1559 13533184
572 0.1567 13422592
573 0.1396 13402112
574 0.1414 13438976
575 0.1351 13328384
576 0.1343 13357056
577 0.1402 13393920
578 0.1424 13586432
579 0.141 13504512
580 0.1435 13570048
581 0.1378 13570048
582 0.2137 13402112
583 0.1414 13619200
584 0.1415 13557760
585 0.142 13471744
586 0.15 13631488
587 0.1649 13529088
588 0.2166 13639680
589 0.1558 13524992
590 0.1876 13606912
591 0.2798 13582336
592 0.1721 13590528
593 0.1674 13500416
594 0.38 13676544
595 0.371 13606912
596 0.2611 13725696
597 0.1463 13545472
598 0.1624 13619200
599 0.3097 13561856
600 0.243 13713408
601 0.2919 13668352
602 0.2949 13606912
603 0.2145 13750272
604 0.1412 13524992
605 0.1419 13762560
606 0.1535 13598720
607 0.1536 13774848
608 0.1436 13709312
609 0.3181 13557760
610 0.2633 13582336
611 0.2164 13807616
612 0.3175 13737984
613 0.2213 13758464
614 0.1688 13709312
615 0.2057 13692928
616 0.1614 13635584
617 0.2239 13623296
618 0.2244 13697024
619 0.1446 13680640
620 0.192 13623296
621 0.2988 13746176
622 0.307 13697024
623 0.153 13668352
624 0.2047 13729792
625 0.3637 13733888
626 0.1676 13762560
627 0.235 13754368
628 0.2557 13897728
629 0.2313 13701120
630 0.2548 13910016
631 0.2121 13791232
632 0.229 13815808
633 0.464 13701120
634 0.2411 13811712
635 0.1926 13783040
636 0.1964 13783040
637 0.2992 13828096
638 0.2512 13778944
639 0.2 13873152
640 0.1729 13938688
641 0.1608 13930496
642 0.1855 13889536
643 0.1615 13926400
644 0.1592 13787136
645 0.3345 13840384
646 0.2245 13791232
647 0.1662 14045184
648 0.1608 13832192
649 0.1864 13840384
650 0.1785 13963264
651 0.15 13803520
652 0.2731 14016512
653 0.1841 14016512
654 0.1579 13856768
655 0.2338 13926400
656 0.1477 13836288
657 0.2315 13955072
658 0.1543 13910016
659 0.1525 14020608
660 0.3624 13893632
661 0.1897 13955072
662 0.1546 14118912
663 0.1538 13975552
664 0.1571 14102528
665 0.1544 14045184
666 0.1483 13901824
667 0.1551 13934592
668 0.1584 14073856
669 0.1581 13918208
670 0.1619 14020608
671 0.1684 14147584
672 0.1524 14143488
673 0.1611 13955072
674 0.1717 13983744
675 0.1588 13967360
676 0.1644 14172160
677 0.1622 14155776
678 0.1569 14094336
679 0.1516 13975552
680 0.1596 14020608
681 0.1586 14114816
682 0.1606 14053376
683 0.1616 14213120
684 0.1687 14073856
685 0.1722 14106624
686 0.1617 14131200
687 0.1636 14041088
688 0.1629 14049280
689 0.1587 14106624
690 0.1576 14082048
691 0.1607 14065664
692 0.1588 14041088
693 0.1563 14286848
694 0.1642 14090240
695 0.1672 14381056
696 0.16 14090240
697 0.177 14237696
698 0.1728 14225408
699 0.1776 14311424
700 0.17 14135296
701 0.174 14331904
702 0.1817 14299136
703 0.1725 14323712
704 0.184 14262272
705 0.1783 14213120
706 0.1639 14213120
707 0.1748 14409728
708 0.1951 14249984
709 0.1624 14401536
710 0.1692 14204928
711 0.166 14544896
712 0.166 14258176
713 0.1898 14344192
714 0.1704 14192640
715 0.1621 14184448
716 0.166 14344192
717 0.1615 14204928
718 0.1665 14487552
719 0.1658 14217216
720 0.1708 14319616
721 0.1746 14270464
722 0.164 14270464
723 0.1662 14241792
724 0.1652 14372864
725 0.171 14458880
726 0.1667 14397440
727 0.1679 14319616
728 0.1666 14299136
729 0.1643 14266368
730 0.1678 14368768
731 0.169 14344192
732 0.1729 14336000
733 0.162 14303232
734 0.163 14528512
735 0.1705 14376960
736 0.1635 14450688
737 0.1638 14385152
738 0.1627 14569472
739 0.1699 14524416
740 0.1754 14368768
741 0.1738 14565376
742 0.1736 14401536
743 0.1749 14417920
744 0.1716 14512128
745 0.1716 14446592
746 0.1713 14417920
747 0.1833 14397440
748 0.1736 14671872
749 0.1747 14442496
750 0.1723 14581760
751 0.1811 14667776
752 0.1889 14483456
753 0.1867 14700544
754 0.1763 14487552
755 0.1844 14483456
756 0.1749 14626816
757 0.1707 14446592
758 0.1792 14655488
759 0.1928 14622720
760 0.2191 14659584
761 0.2042 14540800
762 0.2083 14540800
763 0.2143 14569472
764 0.2068 14581760
765 0.1951 14589952
766 0.1861 14733312
767 0.1783 14520320
768 0.1825 14794752
769 0.1946 14712832
770 0.196 14692352
771 0.2171 14647296
772 0.2697 14610432
773 0.2127 14659584
774 0.2007 14704640
775 0.1952 14929920
776 0.1948 14700544
777 0.1839 14618624
778 0.1984 14905344
779 0.2377 14749696
780 0.1798 14635008
781 0.18 14667776
782 0.1802 14757888
783 0.1819 14749696
784 0.1828 14663680
785 0.1925 14782464
786 0.1806 14667776
787 0.183 14884864
788 0.1822 14909440
789 0.1772 14688256
790 0.1788 14684160
791 0.1813 14991360
792 0.1875 14721024
793 0.1849 14696448
794 0.2044 14745600
795 0.1937 14790656
796 0.2043 14991360
797 0.1888 14852096
798 0.1925 14766080
799 0.2037 14745600
800 0.1848 14770176
801 0.2338 14807040
802 0.2162 14950400
803 0.2286 14929920
804 0.2664 14848000
805 0.2339 14839808
806 0.2001 14901248
807 0.2055 14888960
808 0.2021 15052800
809 0.1911 14995456
810 0.1847 14876672
811 0.1893 14827520
812 0.2022 14909440
813 0.2133 14954496
814 0.189 14893056
815 0.2713 14913536
816 0.25 14987264
817 0.2196 14991360
818 0.2216 14946304
819 0.2334 15052800
820 0.323 14983168
821 0.2361 14979072
822 0.2517 14942208
823 0.2103 15007744
824 0.204 14995456
825 0.2068 14929920
826 0.1999 14929920
827 0.2007 15126528
828 0.1909 14954496
829 0.1942 14974976
830 0.1946 15171584
831 0.1868 14958592
832 0.1902 14958592
833 0.193 14966784
834 0.192 14979072
835 0.1922 15003648
836 0.1969 15220736
837 0.194 15126528
838 0.1952 15015936
839 0.1928 15147008
840 0.1925 15192064
841 0.1963 14999552
842 0.1921 15048704
843 0.1894 15212544
844 0.199 15093760
845 0.1911 15015936
846 0.1932 15036416
847 0.1954 15122432
848 0.1899 15192064
849 0.1999 15339520
850 0.2038 15265792
851 0.1958 15204352
852 0.1946 15224832
853 0.2056 15323136
854 0.2029 15269888
855 0.1919 15364096
856 0.1955 15323136
857 0.1969 15245312
858 0.1955 15421440
859 0.1967 15134720
860 0.2 15167488
861 0.2013 15347712
862 0.2023 15142912
863 0.1951 15196160
864 0.1899 15147008
865 0.1971 15130624
866 0.1969 15282176
867 0.1955 15286272
868 0.2076 15421440
869 0.201 15278080
870 0.2065 15233024
871 0.2289 15339520
872 0.2386 15396864
873 0.2008 15269888
874 0.1986 15228928
875 0.2 15470592
876 0.202 15392768
877 0.2075 15241216
878 0.2027 15302656
879 0.2066 15417344
880 0.206 15273984
881 0.1975 15253504
882 0.2137 15278080
883 0.2092 15327232
884 0.2128 15650816
885 0.2461 15351808
886 0.2196 15503360
887 0.2068 15364096
888 0.2636 15519744
889 0.2214 15384576
890 0.2432 15425536
891 0.2309 15368192
892 0.2406 15450112
893 0.229 15380480
894 0.252 15499264
895 0.2338 15474688
896 0.2462 15396864
897 0.2398 15450112
898 0.2225 15564800
899 0.2283 15458304
900 0.2458 15482880
901 0.2304 15568896
902 0.2283 15495168
903 0.2091 15486976
904 0.2246 15491072
905 0.2572 15597568
906 0.2311 15486976
907 0.2245 15802368
908 0.2224 15544320
909 0.2758 15515648
910 0.2582 15581184
911 0.2122 15781888
912 0.2311 15687680
913 0.218 15515648
914 0.2114 15630336
915 0.2158 15728640
916 0.2377 15716352
917 0.217 15814656
918 0.2105 15507456
919 0.2638 15724544
920 0.2135 15544320
921 0.2439 15605760
922 0.2186 15654912
923 0.2095 15790080
924 0.2195 15552512
925 0.2259 15724544
926 0.2392 15564800
927 0.2401 15650816
928 0.2368 15736832
929 0.2101 15773696
930 0.2233 15675392
931 0.2262 15695872
932 0.2194 15826944
933 0.2201 15798272
934 0.2123 15835136
935 0.2387 15753216
936 0.2463 15736832
937 0.2331 15859712
938 0.2815 15794176
939 0.312 15695872
940 0.2704 15822848
941 0.2366 15773696
942 0.2921 15781888
943 0.331 15753216
944 0.286 15785984
945 0.2824 15765504
946 0.2323 15822848
947 0.2223 15822848
948 0.2185 15790080
949 0.2189 15945728
950 0.2169 15732736
951 0.2208 15925248
952 0.2698 15790080
953 0.2926 15794176
954 0.2775 15847424
955 0.2191 15872000
956 0.2239 16035840
957 0.2157 15933440
958 0.2139 15900672
959 0.2187 15835136
960 0.2279 15994880
961 0.2181 15900672
962 0.2209 15945728
963 0.2261 16056320
964 0.6269 15839232
965 0.2302 15994880
966 0.2223 15900672
967 0.2195 15867904
968 0.2405 15921152
969 0.2247 15818752
970 0.226 15990784
971 0.2337 15908864
972 0.221 15896576
973 0.2639 16003072
974 0.2562 16023552
975 0.2524 15884288
976 0.2395 16109568
977 0.2202 16056320
978 0.2214 15863808
979 0.2418 16154624
980 0.2291 16171008
981 0.2304 16146432
982 0.2283 15966208
983 0.2216 16093184
984 0.2219 16039936
985 0.2221 15904768
986 0.2256 16080896
987 0.2206 15945728
988 0.2317 15962112
989 0.233 16052224
990 0.2723 16044032
991 0.2277 16060416
992 0.2326 15986688
993 0.2299 16048128
994 0.2951 16105472
995 0.2343 15994880
996 0.239 16056320
997 0.2544 16039936
998 0.2328 16171008
999 0.2362 16261120
1000 0.2281 16306176