1 0.0058 9506816
2 0.0064 9515008
3 0.0064 9535488
4 0.0066 9568256
5 0.0106 9568256
6 0.0071 9560064
7 0.0071 9572352
8 0.0077 9613312
9 0.0078 9592832
10 0.0113 9629696
11 0.0119 9637888
12 0.0125 9658368
13 0.0114 9658368
14 0.0088 9670656
15 0.0104 9678848
16 0.0131 9682944
17 0.0095 9703424
18 0.0142 9760768
19 0.0108 9732096
20 0.0104 9740288
21 0.0113 9740288
22 0.0115 9760768
23 0.0116 9768960
24 0.0125 9830400
25 0.0151 9781248
26 0.0122 9801728
27 0.0156 9801728
28 0.0168 9822208
29 0.0167 9826304
30 0.013 9842688
31 0.0128 9846784
32 0.0139 9863168
33 0.0175 9932800
34 0.0139 9883648
35 0.016 9912320
36 0.0157 9932800
37 0.0153 9949184
38 0.0151 9928704
39 0.0158 9961472
40 0.0185 9936896
41 0.0189 10002432
42 0.016 9961472
43 0.0165 9965568
44 0.0171 9981952
45 0.0168 9998336
46 0.0166 9998336
47 0.022 10051584
48 0.021 10022912
49 0.0203 10047488
50 0.0177 10043392
51 0.0216 10076160
52 0.0181 10080256
53 0.018 10113024
54 0.022 10100736
55 0.0207 10117120
56 0.0203 10117120
57 0.0183 10100736
58 0.0203 10162176
59 0.0198 10141696
60 0.0245 10211328
61 0.0223 10182656
62 0.0204 10240000
63 0.0236 10182656
64 0.0222 10194944
65 0.0263 10244096
66 0.0241 10215424
67 0.0248 10223616
68 0.0231 10223616
69 0.0221 10280960
70 0.0229 10268672
71 0.026 10313728
72 0.0259 10285056
73 0.0231 10309632
74 0.0258 10309632
75 0.023 10297344
76 0.0233 10338304
77 0.0241 10342400
78 0.0267 10403840
79 0.0244 10358784
80 0.0259 10379264
81 0.0234 10358784
82 0.0253 10399744
83 0.0256 10416128
84 0.0302 10412032
85 0.0311 10428416
86 0.0261 10440704
87 0.0267 10448896
88 0.0307 10530816
89 0.0275 10514432
90 0.0279 10522624
91 0.0304 10485760
92 0.0262 10510336
93 0.0313 10575872
94 0.0383 10493952
95 0.0304 10547200
96 0.0315 10592256
97 0.0314 10551296
98 0.0277 10543104
99 0.0316 10596352
100 0.0272 10592256
101 0.0292 10596352
102 0.0291 10600448
103 0.0294 10616832
104 0.0331 10715136
105 0.0344 10633216
106 0.0296 10653696
107 0.0362 10661888
108 0.0319 10715136
109 0.0312 10665984
110 0.0359 10735616
111 0.0367 10719232
112 0.0324 10743808
113 0.0334 10842112
114 0.0319 10719232
115 0.0323 10747904
116 0.035 10813440
117 0.033 10862592
118 0.0331 10780672
119 0.0327 10760192
120 0.0336 10817536
121 0.0366 10805248
122 0.0371 10842112
123 0.034 10833920
124 0.0339 10813440
125 0.0352 10891264
126 0.0339 10874880
127 0.0365 10878976
128 0.0379 10883072
129 0.0407 10981376
130 0.037 11010048
131 0.036 10932224
132 0.0365 11063296
133 0.0408 10936320
134 0.0375 10952704
135 0.0427 11067392
136 0.0399 10964992
137 0.0369 10973184
138 0.0398 11030528
139 0.0392 11087872
140 0.0376 11010048
141 0.0417 11018240
142 0.0398 11108352
143 0.0435 11173888
144 0.0386 11067392
145 0.0381 11042816
146 0.0387 11063296
147 0.0439 11206656
148 0.0393 11071488
149 0.0396 11124736
150 0.0433 11251712
151 0.0397 11108352
152 0.0413 11141120
153 0.041 11153408
154 0.0447 11173888
155 0.0405 11186176
156 0.0408 11182080
157 0.0409 11198464
158 0.0463 11268096
159 0.044 11210752
160 0.0454 11276288
161 0.0481 11235328
162 0.042 11210752
163 0.0435 11382784
164 0.0485 11419648
165 0.044 11272192
166 0.0465 11276288
167 0.0472 11288576
168 0.0482 11341824
169 0.0523 11354112
170 0.0511 11329536
171 0.0447 11341824
172 0.046 11329536
173 0.0492 11440128
174 0.0463 11440128
175 0.0486 11366400
176 0.0449 11350016
177 0.0456 11460608
178 0.052 11550720
179 0.0479 11456512
180 0.0449 11509760
181 0.0467 11505664
182 0.0487 11440128
183 0.0466 11448320
184 0.0521 11448320
185 0.0615 11558912
186 0.0632 11517952
187 0.0596 11554816
188 0.0516 11546624
189 0.0459 11509760
190 0.0484 11517952
191 0.0507 11624448
192 0.0521 11567104
193 0.0489 11550720
194 0.0482 11534336
195 0.0498 11571200
196 0.0493 11649024
197 0.0575 11612160
198 0.0539 11599872
199 0.056 11624448
200 0.0566 11636736
201 0.0532 11644928
202 0.0541 11755520
203 0.0554 11644928
204 0.056 11685888
205 0.0508 11640832
206 0.0509 11685888
207 0.0526 11689984
208 0.0532 11788288
209 0.0558 11841536
210 0.05 11722752
211 0.0552 11784192
212 0.0542 11862016
213 0.0579 11825152
214 0.0557 11796480
215 0.0538 11776000
216 0.0555 11780096
217 0.0608 11792384
218 0.054 11812864
219 0.0522 11821056
220 0.06 11862016
221 0.056 11870208
222 0.0567 11911168
223 0.0599 11862016
224 0.0597 11923456
225 0.0591 11911168
226 0.0632 12013568
227 0.0604 11952128
228 0.0618 11968512
229 0.0638 12029952
230 0.0646 12009472
231 0.0607 11972608
232 0.0574 11931648
233 0.0581 11960320
234 0.0583 11976704
235 0.0578 12001280
236 0.058 12070912
237 0.059 12083200
238 0.0628 12095488
239 0.0627 12075008
240 0.0617 12120064
241 0.0609 12136448
242 0.0623 12083200
243 0.065 12214272
244 0.0633 12156928
245 0.0629 12226560
246 0.0663 12226560
247 0.067 12189696
248 0.0669 12234752
249 0.0631 12242944
250 0.0662 12275712
251 0.0663 12156928
252 0.0702 12271616
253 0.0704 12316672
254 0.0695 12386304
255 0.0723 12353536
256 0.0634 12230656
257 0.0713 12386304
258 0.0724 12398592
259 0.0672 12402688
260 0.0714 12414976
261 0.0658 12267520
262 0.07 12435456
263 0.0706 12296192
264 0.0696 12496896
265 0.0696 12464128
266 0.0686 12419072
267 0.0719 12337152
268 0.0686 12509184
269 0.07 12341248
270 0.0703 12484608
271 0.071 12414976
272 0.0711 12595200
273 0.0705 12599296
274 0.069 12566528
275 0.069 12509184
276 0.073 12484608
277 0.0744 12558336
278 0.0677 12447744
279 0.0678 12476416
280 0.0721 12562432
281 0.0683 12476416
282 0.0681 12492800
283 0.0698 12611584
284 0.0684 12500992
285 0.0686 12521472
286 0.069 12500992
287 0.0702 12533760
288 0.0711 12562432
289 0.0708 12570624
290 0.0734 12636160
291 0.0727 12713984
292 0.0752 12582912
293 0.0762 12767232
294 0.0742 12607488
295 0.0782 12840960
296 0.0771 12681216
297 0.075 12648448
298 0.0714 12660736
299 0.0716 12660736
300 0.0772 12722176
301 0.072 12693504
302 0.0736 12701696
303 0.0742 12705792
304 0.0779 12779520
305 0.0782 12722176
306 0.0819 12730368
307 0.077 12742656
308 0.076 12865536
309 0.0759 12836864
310 0.0782 12918784
311 0.0746 12890112
312 0.0744 12771328
313 0.078 12808192
314 0.0811 12906496
315 0.0813 12992512
316 0.0838 12980224
317 0.0817 13099008
318 0.0766 12877824
319 0.0776 12865536
320 0.077 12849152
321 0.0784 12914688
322 0.0815 13070336
323 0.0832 12918784
324 0.0838 12996608
325 0.0845 13074432
326 0.0793 12976128
327 0.0874 13090816
328 0.0866 12955648
329 0.0934 13152256
330 0.0835 13107200
331 0.0785 12988416
332 0.0872 13066240
333 0.0885 13025280
334 0.0877 13131776
335 0.0806 13250560
336 0.0871 13144064
337 0.0804 13135872
338 0.0819 13099008
339 0.0843 13066240
340 0.0858 13082624
341 0.0893 13299712
342 0.0836 13225984
343 0.0838 13152256
344 0.081 13111296
345 0.0908 13238272
346 0.0874 13336576
347 0.0823 13213696
348 0.0828 13156352
349 0.0895 13189120
350 0.0834 13176832
351 0.0943 13250560
352 0.0875 13254656
353 0.0843 13201408
354 0.0864 13217792
355 0.088 13242368
356 0.0884 13242368
357 0.0983 13475840
358 0.0899 13254656
359 0.0883 13250560
360 0.0875 13279232
361 0.0866 13307904
362 0.0859 13299712
363 0.0881 13336576
364 0.0947 13553664
365 0.0926 13529088
366 0.0913 13393920
367 0.0903 13361152
368 0.0924 13418496
369 0.0908 13512704
370 0.0881 13524992
371 0.0907 13385728
372 0.0949 13447168
373 0.0951 13598720
374 0.0927 13516800
375 0.0925 13422592
376 0.0936 13447168
377 0.0967 13586432
378 0.0937 13545472
379 0.0885 13459456
380 0.0917 13467648
381 0.0945 13643776
382 0.0954 13586432
383 0.0901 13504512
384 0.0944 13553664
385 0.0947 13692928
386 0.0957 13586432
387 0.0911 13574144
388 0.0959 13619200
389 0.0916 13582336
390 0.0918 13643776
391 0.1028 13668352
392 0.0964 13778944
393 0.0953 13762560
394 0.0984 13656064
395 0.1008 13725696
396 0.0997 13721600
397 0.093 13647872
398 0.1007 13660160
399 0.0935 13647872
400 0.0949 13783040
401 0.1044 13791232
402 0.0986 13729792
403 0.0975 13832192
404 0.0986 13762560
405 0.1007 13914112
406 0.0982 13815808
407 0.0971 13758464
408 0.0957 13828096
409 0.099 13811712
410 0.0989 13778944
411 0.1009 13926400
412 0.099 14041088
413 0.1039 13926400
414 0.1023 13828096
415 0.0976 13987840
416 0.0963 13844480
417 0.101 13987840
418 0.0995 13996032
419 0.1058 13918208
420 0.0972 13852672
421 0.1019 14004224
422 0.1071 13905920
423 0.1026 14143488
424 0.1019 13930496
425 0.1067 13926400
426 0.1056 13967360
427 0.1059 13987840
428 0.1068 14155776
429 0.1011 14065664
430 0.1096 14008320
431 0.1027 14221312
432 0.1043 14065664
433 0.1078 14229504
434 0.1055 14155776
435 0.1075 14204928
436 0.1059 14041088
437 0.1031 14045184
438 0.1116 14245888
439 0.1055 14098432
440 0.1076 14086144
441 0.1084 14327808
442 0.1065 14118912
443 0.1096 14118912
444 0.1022 14192640
445 0.1114 14196736
446 0.1093 14360576
447 0.104 14163968
448 0.1093 14368768
449 0.1127 14331904
450 0.111 14405632
451 0.1091 14381056
452 0.112 14233600
453 0.1061 14229504
454 0.1147 14352384
455 0.1104 14487552
456 0.1127 14290944
457 0.1126 14344192
458 0.1138 14295040
459 0.1131 14495744
460 0.1111 14491648
461 0.116 14479360
462 0.1112 14401536
463 0.1134 14430208
464 0.1119 14598144
465 0.1149 14450688
466 0.1169 14606336
467 0.1183 14397440
468 0.114 14635008
469 0.1188 14508032
470 0.111 14589952
471 0.1181 14475264
472 0.119 14536704
473 0.1163 14508032
474 0.1144 14483456
475 0.1167 14561280
476 0.1118 14651392
477 0.1194 14704640
478 0.1129 14508032
479 0.1165 14585856
480 0.1206 14516224
481 0.1159 14577664
482 0.117 14540800
483 0.1223 14745600
484 0.1217 14598144
485 0.1214 14659584
486 0.1213 14823424
487 0.1178 14663680
488 0.1166 14622720
489 0.1183 14712832
490 0.1208 14864384
491 0.1242 14647296
492 0.1222 14872576
493 0.1206 14663680
494 0.1221 14807040
495 0.1216 14880768
496 0.1223 14823424
497 0.1195 14700544
498 0.1175 14692352
499 0.1225 14962688
500 0.1215 14725120
501 0.1267 14942208
502 0.1237 14831616
503 1.1495 14868480
504 0.1239 14823424
505 0.1247 15040512
506 0.1232 14934016
507 0.1229 14938112
508 0.1278 14888960
509 0.1295 15048704
510 0.1239 14860288
511 0.1291 15065088
512 0.1258 15097856
513 0.1282 15040512
514 0.1325 15032320
515 0.1213 14921728
516 0.128 15126528
517 0.1263 15044608
518 0.128 15085568
519 0.1264 15159296
520 0.1307 15085568
521 0.128 15278080
522 0.1279 15011840
523 0.1298 15200256
524 0.124 15003648
525 0.1285 15081472
526 0.136 15114240
527 0.13 15261696
528 0.1322 15044608
529 0.1262 15286272
530 0.1307 15085568
531 0.1315 15187968
532 0.1297 15200256
533 0.1338 15237120
534 0.136 15179776
535 0.133 15147008
536 0.1447 15355904
537 0.131 15278080
538 0.1316 15261696
539 0.1311 15179776
540 0.1311 15282176
541 0.1275 15159296
542 0.1351 15179776
543 0.1355 15343616
544 0.1372 15491072
545 0.1358 15237120
546 0.1331 15286272
547 0.136 15409152
548 0.1337 15351808
549 0.1348 15405056
550 0.1278 15261696
551 0.1388 15392768
552 0.1335 15282176
553 0.1353 15544320
554 0.1332 15302656
555 0.1379 15437824
556 0.1349 15560704
557 0.1302 15335424
558 0.135 15433728
559 0.1304 15327232
560 0.1343 15425536
561 0.1359 15429632
562 0.1405 15536128
563 0.1368 15572992
564 0.1345 15409152
565 0.1461 15454208
566 0.1404 15564800
567 0.1369 15544320
568 0.1375 15630336
569 0.1426 15667200
570 0.1436 15675392
571 0.1398 15593472
572 0.1372 15568896
573 0.1382 15745024
574 0.1366 15540224
575 0.1362 15552512
576 0.1353 15765504
577 0.1389 15552512
578 0.1359 15720448
579 0.1379 15749120
580 0.1375 15761408
581 0.1412 15818752
582 0.1409 15622144
583 0.1417 15671296
584 0.1434 15761408
585 0.1474 15855616
586 0.1401 15859712
587 0.1436 15753216
588 0.1443 15802368
589 0.1449 15818752
590 0.1389 15757312
591 0.137 15704064
592 0.1451 15835136
593 0.1424 15806464
594 0.1425 15740928
595 0.1466 15896576
596 0.1425 15876096
597 0.145 15998976
598 0.1477 15953920
599 0.1452 16060416
600 0.1434 15949824
601 0.1468 16023552
602 0.1489 15982592
603 0.1476 16060416
604 0.1499 16130048
605 0.1465 15998976
606 0.1486 15884288
607 0.151 15986688
608 0.1452 16076800
609 0.1417 15888384
610 0.1452 16052224
611 0.1505 16015360
612 0.147 15917056
613 0.1519 15908864
614 0.142 15908864
615 0.1457 16146432
616 0.1464 15966208
617 0.1505 15974400
618 0.1505 16084992
619 0.1574 16179200
620 0.1427 15982592
621 0.1528 16257024
622 0.1494 16269312
623 0.1479 16130048
624 0.1534 16199680
625 0.1556 16023552
626 0.1496 16232448
627 0.1499 16060416
628 0.1524 16220160
629 0.1496 16232448
630 0.1538 16326656
631 0.1543 16269312
632 0.1558 16121856
633 0.1549 16146432
634 0.1525 16265216
635 0.1498 16146432
636 0.1561 16441344
637 0.1559 16326656
638 0.1589 16293888
639 0.1583 16412672
640 0.1488 16203776
641 0.1538 16216064
642 0.1532 16392192
643 0.154 16343040
644 0.1531 16474112
645 0.1577 16506880
646 0.1572 16318464
647 0.1606 16437248
648 0.1557 16515072
649 0.1559 16306176
650 0.1535 16498688
651 0.165 16470016
652 0.1941 16388096
653 0.1668 16441344
654 0.1667 16482304
655 0.1768 16429056
656 0.1621 16474112
657 0.168 16551936
658 0.1784 16506880
659 0.1818 16510976
660 0.181 16506880
661 0.1797 16572416
662 0.1666 16445440
663 0.163 16580608
664 0.1617 16707584
665 0.1655 16445440
666 0.1623 16449536
667 0.1641 16609280
668 0.1685 16711680
669 0.1668 16568320
670 0.1637 16605184
671 0.1649 16519168
672 0.1616 16691200
673 0.1728 16592896
674 0.1598 16601088
675 0.164 16773120
676 0.168 16662528
677 0.166 16592896
678 0.1701 16674816
679 0.1624 16818176
680 0.1664 16683008
681 0.1633 16781312
682 0.1557 16588800
683 0.1647 16625664
684 0.1626 16793600
685 0.1617 16801792
686 0.1657 16809984
687 0.1625 16732160
688 0.1634 16838656
689 0.1622 16822272
690 0.1683 16744448
691 0.164 16822272
692 0.1642 16805888
693 0.1691 16891904
694 0.1686 16732160
695 0.1656 16969728
696 0.1638 16871424
697 0.1613 16797696
698 0.1643 16793600
699 0.1666 17010688
700 0.1717 16945152
701 0.1717 16961536
702 0.1642 16805888
703 0.1694 17092608
704 0.1685 16830464
705 0.1664 17014784
706 0.1599 16871424
707 0.1719 17068032
708 0.1672 17068032
709 0.1682 16912384
710 0.1732 16961536
711 0.1785 16969728
712 0.1736 17137664
713 0.1692 17170432
714 0.1722 17055744
715 0.1726 17043456
716 0.1685 17195008
717 0.175 17162240
718 0.1693 17031168
719 0.1713 17149952
720 0.1642 16998400
721 0.169 17002496
722 0.1707 17014784
723 0.1756 17080320
724 0.1735 17113088
725 0.1782 17186816
726 0.1803 17313792
727 0.1713 17092608
728 0.1786 17301504
729 0.1791 17203200
730 0.1817 17387520
731 0.1763 17231872
732 0.1859 17145856
733 0.1795 17133568
734 0.1845 17285120
735 0.1742 17276928
736 0.1819 17170432
737 0.1765 17297408
738 0.1752 17371136
739 0.1805 17301504
740 0.1728 17346560
741 0.1763 17334272
742 0.1858 17481728
743 0.1737 17227776
744 0.1831 17367040
745 0.1817 17256448
746 0.1818 17539072
747 0.1771 17293312
748 0.1801 17444864
749 0.1792 17457152
750 0.1767 17317888
751 0.1804 17547264
752 0.189 17428480
753 0.1741 17383424
754 0.174 17391616
755 0.1819 17633280
756 0.1775 17498112
757 0.1809 17358848
758 0.1815 17526784
759 0.1842 17477632
760 0.1827 17612800
761 0.1877 17596416
762 0.1838 17465344
763 0.1792 17547264
764 0.1769 17477632
765 0.179 17461248
766 0.1889 17584128
767 0.1824 17690624
768 0.1842 17764352
769 0.1821 17543168
770 0.1807 17666048
771 0.1886 17694720
772 0.1838 17678336
773 0.1849 17657856
774 0.1886 17608704
775 0.1812 17555456
776 0.1862 17645568
777 0.1877 17674240
778 0.1814 17637376
779 0.1894 17723392
780 0.1824 17821696
781 0.1831 17739776
782 0.1883 17731584
783 0.1878 17698816
784 0.1915 17707008
785 0.1853 17883136
786 0.185 17649664
787 0.1965 17752064
788 0.1893 17731584
789 0.1869 17924096
790 0.1943 17956864
791 0.1868 17797120
792 0.1898 17793024
793 0.1895 17833984
794 0.1928 17862656
795 0.1899 17956864
796 0.189 17772544
797 0.1919 17788928
798 0.1928 17862656
799 0.1906 18149376
800 0.1902 17899520
801 0.1929 17895424
802 0.2024 17842176
803 0.1918 17874944
804 0.1919 17879040
805 0.1923 17944576
806 0.195 18038784
807 0.1972 18067456
808 0.1909 18038784
809 0.193 18149376
810 0.1945 18079744
811 0.1887 18075648
812 0.1967 18116608
813 0.1965 17932288
814 0.1903 18092032
815 0.1996 18124800
816 0.1986 18206720
817 0.1955 18063360
818 0.1998 18161664
819 0.1919 18141184
820 0.1975 17989632
821 0.1903 18128896
822 0.192 18092032
823 0.1933 18157568
824 0.1937 18157568
825 0.1972 18124800
826 0.1958 18391040
827 0.1972 18178048
828 0.2053 18124800
829 0.198 18112512
830 0.2025 18235392
831 0.1938 18104320
832 0.1975 18116608
833 0.1999 18350080
834 0.1965 18329600
835 0.194 18223104
836 0.2004 18251776
837 0.1994 18337792
838 0.2033 18190336
839 0.1975 18239488
840 0.1991 18526208
841 0.201 18231296
842 0.2016 18247680
843 0.2019 18370560
844 0.202 18288640
845 0.2015 18309120
846 0.2023 18366464
847 0.2057 18534400
848 0.2117 18391040
849 0.2095 18345984
850 0.2919 18317312
851 0.2041 18305024
852 0.2003 18464768
853 0.1995 18366464
854 0.2032 18608128
855 0.2027 18534400
856 0.2071 18419712
857 0.2067 18702336
858 0.206 18448384
859 0.2089 18636800
860 0.2096 18558976
861 0.2051 18755584
862 0.2026 18444288
863 0.2122 18726912
864 0.2088 18477056
865 0.1986 18554880
866 0.2063 18522112
867 0.2071 18477056
868 0.2096 18653184
869 0.2078 18669568
870 0.2113 18518016
871 0.2064 18546688
872 0.2121 18522112
873 0.2066 18735104
874 0.2088 18620416
875 0.2088 18800640
876 0.2098 18751488
877 0.2062 18833408
878 0.2073 18726912
879 0.2094 18661376
880 0.2084 18747392
881 0.2149 18739200
882 0.2058 18710528
883 0.2145 18718720
884 0.209 18829312
885 0.2089 18989056
886 0.2123 18714624
887 0.2066 18739200
888 0.2124 18776064
889 0.2095 18821120
890 0.2095 18890752
891 0.2127 18743296
892 0.212 18796544
893 0.2145 18771968
894 0.2104 18837504
895 0.2137 18907136
896 0.2116 18862080
897 0.2169 18788352
898 0.2145 18919424
899 0.2106 18960384
900 0.2174 18886656
901 0.2149 19087360
902 0.2087 18845696
903 0.214 19058688
904 0.2142 19013632
905 0.2179 19165184
906 0.218 19025920
907 0.2174 19156992
908 0.2151 19136512
909 0.2144 19128320
910 0.2143 19103744
911 0.2133 18997248
912 0.2161 19181568
913 0.2165 19017728
914 0.2196 19202048
915 0.2189 19185664
916 0.2232 19431424
917 0.2307 19148800
918 0.2243 19288064
919 0.2273 19329024
920 0.2205 19177472
921 0.2222 19324928
922 0.2246 19210240
923 0.2266 19259392
924 0.2259 19230720
925 0.2225 19345408
926 0.2169 19427328
927 0.2223 19255296
928 0.2145 19173376
929 0.2224 19275776
930 0.2401 19255296
931 0.2233 19243008
932 0.2275 19406848
933 0.2185 19259392
934 0.2232 19603456
935 0.2304 19460096
936 0.2245 19374080
937 0.2245 19415040
938 0.2262 19451904
939 0.2255 19394560
940 0.2248 19427328
941 0.2301 19378176
942 0.2241 19292160
943 0.2269 19329024
944 0.2285 19345408
945 0.2288 19451904
946 0.2274 19472384
947 0.2323 19603456
948 0.2302 19505152
949 0.227 19582976
950 0.2313 19505152
951 0.2254 19460096
952 0.2296 19423232
953 0.2297 19619840
954 0.2287 19546112
955 0.2319 19582976
956 0.2332 19554304
957 0.234 19726336
958 0.2296 19619840
959 0.228 19595264
960 0.2276 19644416
961 0.2307 19681280
962 0.2326 19836928
963 0.2347 19841024
964 0.2303 19660800
965 0.2354 19685376
966 0.2229 19558400
967 0.2289 19648512
968 0.2321 19709952
969 0.2344 19927040
970 0.2389 19718144
971 0.235 19742720
972 0.2333 19750912
973 0.231 19722240
974 0.2332 19656704
975 0.2356 19800064
976 0.235 19795968
977 0.2385 19881984
978 0.2406 19996672
979 0.2361 19824640
980 0.2342 19804160
981 0.2302 19615744
982 0.2411 19820544
983 0.2381 19681280
984 0.2374 19722240
985 0.2385 19906560
986 0.2368 19845120
987 0.2334 19750912
988 0.2353 19881984
989 0.2363 19787776
990 0.2371 19972096
991 0.238 19783680
992 0.2394 20021248
993 0.2385 20004864
994 0.236 20111360
995 0.2471 19886080
996 0.2386 19927040
997 0.2407 19886080
998 0.2408 19980288
999 0.2342 19910656
1000 0.2364 20226048