1 0.3227 25833472
2 0.3279 26025984
3 0.3339 26083328
4 0.3295 26161152
5 0.338 26312704
6 0.3399 26488832
7 0.3531 26537984
8 0.3428 26652672
9 0.3453 26779648
10 0.3564 27303936
11 0.3583 27246592
12 0.3584 27279360
13 0.3574 27381760
14 0.3666 27525120
15 0.3715 27561984
16 0.3706 27717632
17 0.3734 27807744
18 0.3702 27955200
19 0.3803 28016640
20 0.378 28123136
21 0.4313 28409856
22 0.3902 28528640
23 0.3825 28569600
24 0.3934 28753920
25 0.3975 28848128
26 0.4067 29118464
27 0.3985 29143040
28 0.4184 29224960
29 0.4131 29466624
30 0.423 29462528
31 0.4452 30023680
32 0.4301 29888512
33 0.4377 29990912
34 0.4214 30126080
35 0.4276 30240768
36 0.4341 30461952
37 0.4406 30695424
38 0.4441 30609408
39 0.4427 30703616
40 0.4543 30896128
41 0.4789 31199232
42 0.4641 31318016
43 0.5526 31477760
44 0.4732 31580160
45 0.4752 31715328
46 0.5156 31797248
47 0.5402 31948800
48 0.4855 32055296
49 0.4834 32186368
50 0.4992 32288768
51 0.4921 32407552
52 0.4877 32534528
53 0.5148 32645120
54 0.4936 32800768
55 0.4951 32854016
56 0.507 32997376
57 0.5035 33087488
58 0.5073 33247232
59 0.5173 33382400
60 0.5256 33419264
61 0.5216 33619968
62 0.5305 33591296
63 0.5321 33619968
64 0.5285 33771520
65 0.549 33943552
66 0.519 34021376
67 0.5506 34095104
68 0.5755 34226176
69 0.5515 34365440
70 0.6841 34459648
71 0.5968 34549760
72 0.8543 34705408
73 0.7826 34820096
74 0.8171 34967552
75 0.7064 34996224
76 0.6748 35155968
77 0.7239 35274752
78 0.832 35405824
79 0.7382 35487744
80 0.833 35569664
81 0.6713 35733504
82 0.5829 35835904
83 0.6335 35930112
84 0.6317 36134912
85 0.916 36200448
86 0.614 36327424
87 0.6132 36425728
88 0.6615 36491264
89 0.6267 36732928
90 0.74 36978688
91 0.6219 36859904
92 0.6554 37003264
93 0.6537 37056512
94 0.6773 37187584
95 0.648 37318656
96 0.6669 37437440
97 0.6349 37666816
98 0.639 37703680
99 0.6524 37797888
100 0.6357 38068224
101 0.66 38060032
102 0.6749 38076416
103 0.8151 38223872
104 0.766 38322176
105 0.658 38576128
106 0.6872 38526976
107 0.6717 38744064
108 0.6734 38805504
109 0.6905 38936576
110 0.6884 39084032
111 0.6736 39084032
112 0.6832 39059456
113 0.6807 39079936
114 0.6803 39247872
115 0.6777 39219200
116 0.7406 39440384
117 0.6951 39501824
118 0.7065 39702528
119 0.7019 39731200
120 0.7067 39862272
121 0.6978 39964672
122 0.7006 40214528
123 0.7189 40177664
124 0.7128 40378368
125 0.7443 40456192
126 0.7133 40542208
127 0.7301 40632320
128 0.7334 40849408
129 0.7532 40890368
130 0.7374 41091072
131 0.7356 41140224
132 0.7564 41295872
133 0.7447 41283584
134 0.7477 41463808
135 0.7543 41508864
136 0.7521 41705472
137 0.7653 41816064
138 0.7688 42012672
139 0.7651 41951232
140 0.7677 42123264
141 0.7772 42332160
142 0.7982 42377216
143 0.7994 42496000
144 0.7711 42545152
145 0.7847 42684416
146 0.7885 42934272
147 0.7991 42975232
148 0.78 43094016
149 0.8608 43261952
150 0.8216 43352064
151 0.7958 43409408
152 0.8404 43536384
153 0.8074 43679744
154 0.8131 43823104
155 0.8173 43819008
156 0.807 43925504
157 0.8075 44101632
158 0.8223 44171264
159 0.8369 44441600
160 0.8091 44433408
161 0.8238 44552192
162 0.8301 44748800
163 0.8309 44711936
164 0.8387 44806144
165 0.8446 44920832
166 0.8261 45268992
167 0.8317 45174784
168 0.8545 45404160
169 0.8502 45469696
170 0.8515 45539328
171 0.8632 45662208
172 0.859 45846528
173 0.8732 45998080
174 0.8584 46055424
175 0.8677 46149632
176 0.8613 46321664
177 0.8778 46477312
178 0.8758 46428160
179 0.8855 46551040
180 0.8914 46780416
181 0.8774 47001600
182 0.8855 47124480
183 0.8906 47271936
184 0.8924 47198208
185 0.8989 47497216
186 0.9075 47538176
187 0.9242 47652864
188 0.9199 47697920
189 0.9314 47820800
190 0.9276 47919104
191 0.9312 48050176
192 0.9862 48205824
193 1.0294 48205824
194 0.9616 48361472
195 0.959 48529408
196 0.9993 48758784
197 1.0187 48771072
198 0.9873 48762880
199 1.0045 48951296
200 0.9719 49074176
201 0.977 49160192
202 0.971 49291264
203 0.9646 49364992
204 0.973 49520640
205 0.974 49643520
206 0.9875 49766400
207 0.9794 49827840
208 0.9826 49901568
209 1.0117 50085888
210 0.9947 50196480
211 0.9785 50327552
212 0.9918 50511872
213 0.9933 50733056
214 1.0157 50606080
215 1.0298 50688000
216 1.0444 50884608
217 1.0454 51093504
218 1.0459 51089408
219 1.0325 51167232
220 1.0375 51351552
221 1.0145 51466240
222 1.0125 51548160
223 1.0097 51773440
224 1.0167 51789824
225 1.0128 51834880
226 1.0212 52092928
227 1.0318 52047872
228 1.0785 52191232
229 1.1816 52318208
230 1.2747 52559872
231 1.2663 52670464
232 1.1989 52854784
233 1.2538 52891648
234 1.2984 53055488
235 1.1747 53178368
236 1.0806 53329920
237 1.1022 53616640
238 1.1039 53473280
239 1.1283 53661696
240 1.1711 53665792
241 1.1582 53850112
242 1.2159 53985280
243 1.204 54177792
244 1.128 54284288
245 1.1095 54390784
246 1.1138 54505472
247 1.1332 54616064
248 1.1791 54771712
249 1.1229 54878208
250 1.126 54984704
251 1.1963 54939648
252 1.1397 55185408
253 1.2713 55271424
254 1.2527 55357440
255 1.236 55611392
256 1.3247 55672832
257 1.2893 55861248
258 1.2065 55779328
259 1.3252 55930880
260 1.1828 55984128
261 1.2363 55910400
262 1.2786 55820288
263 1.1881 55992320
264 1.1664 56057856
265 1.1618 56119296
266 1.1734 56311808
267 1.2126 56381440
268 1.2497 56377344
269 1.2306 56598528
270 1.2019 56590336
271 1.2051 56713216
272 1.3569 56999936
273 1.3305 57012224
274 1.3052 57073664
275 1.4213 57253888
276 1.3154 57372672
277 1.374 57712640
278 1.6139 57581568
279 1.6004 57815040
280 1.7536 57851904
281 1.8656 58019840
282 1.7679 58114048
283 1.5357 58081280
284 1.4035 58245120
285 1.4018 58388480
286 1.2753 58499072
287 1.3773 58646528
288 1.5272 58847232
289 1.7276 59105280
290 1.5098 59035648
291 1.3529 59183104
292 1.3449 59424768
293 1.3703 59445248
294 1.3642 59457536
295 1.2491 59695104
296 1.2841 59691008
297 1.2969 59826176
298 1.3775 59965440
299 1.283 60039168
300 1.2964 60428288
301 1.2852 60370944
302 1.3646 60456960
303 1.3406 60534784
304 1.2733 60579840
305 1.2824 60735488
306 1.3653 60858368
307 1.3289 60973056
308 1.3144 61034496
309 1.2892 61136896
310 1.2911 61292544
311 1.3084 61431808
312 1.2908 61607936
313 1.2836 61702144
314 1.3467 61800448
315 1.2959 62013440
316 1.3148 61952000
317 1.3114 62128128
318 1.3068 62251008
319 1.3203 62406656
320 1.3056 62738432
321 1.3133 62566400
322 1.3177 62705664
323 1.3163 62914560
324 1.337 63049728
325 1.337 63193088
326 1.3384 63279104
327 1.3484 63295488
328 1.3424 63623168
329 1.3378 63643648
330 1.3637 63700992
331 1.3529 63799296
332 1.3463 63963136
333 1.3575 64036864
334 1.39 64245760
335 1.3612 64241664
336 1.3652 64438272
337 1.3833 64503808
338 1.3772 64589824
339 1.3745 64757760
340 1.382 64962560
341 1.3837 64954368
342 1.4658 65069056
343 1.4167 65191936
344 1.4165 65232896
345 1.3839 65417216
346 1.3893 65572864
347 1.4027 65613824
348 1.3974 65736704
349 1.4266 65994752
350 1.4056 65974272
351 1.4099 66060288
352 1.4142 66146304
353 1.4386 66256896
354 1.4273 66465792
355 1.4768 66531328
356 1.5529 66719744
357 1.6025 66781184
358 1.585 67018752
359 1.5101 66981888
360 1.4645 67112960
361 1.461 67411968
362 1.4507 67670016
363 1.4619 67747840
364 1.456 67723264
365 1.4593 67952640
366 1.4726 68116480
367 1.4733 68161536
368 1.4708 68268032
369 1.4879 68382720
370 1.4754 68558848
371 1.4852 68624384
372 1.4913 68841472
373 1.4926 68907008
374 1.5043 69038080
375 1.5118 69083136
376 1.505 69021696
377 1.4999 69062656
378 1.5106 69009408
379 1.5082 69128192
380 1.497 69140480
381 1.5098 69308416
382 1.5179 69488640
383 1.5469 69476352
384 1.5229 69750784
385 1.5262 69824512
386 1.5247 69894144
387 1.4973 70066176
388 1.5628 70348800
389 1.6603 70270976
390 1.6806 70311936
391 1.6541 70434816
392 1.6244 70500352
393 1.6784 70688768
394 1.5995 70782976
395 1.6008 70901760
396 1.5532 70930432
397 1.5943 71143424
398 1.5815 71307264
399 1.6605 71364608
400 1.6605 71421952
401 1.7387 71524352
402 1.7694 71720960
403 1.6667 71798784
404 1.6025 71983104
405 1.5577 71979008
406 1.5942 72171520
407 1.6146 72261632
408 1.5981 72450048
409 1.6 72568832
410 1.6202 72585216
411 1.6196 72704000
412 1.6057 72798208
413 1.6146 72921088
414 1.6136 73170944
415 1.6236 73109504
416 1.6122 73248768
417 1.6576 73420800
418 1.6299 73531392
419 1.661 73691136
420 1.6342 73773056
421 1.6439 73908224
422 1.6326 73916416
423 1.6551 74092544
424 1.64 74149888
425 1.6596 74371072
426 1.6742 74358784
427 1.6493 74608640
428 1.6526 74674176
429 1.6614 74735616
430 1.6427 74813440
431 1.6678 74924032
432 1.6623 75046912
433 1.6773 75206656
434 1.6932 75436032
435 1.6893 75427840
436 1.6514 75546624
437 1.6825 75644928
438 1.6959 75755520
439 1.7093 75862016
440 1.6996 76013568
441 1.7113 76144640
442 1.7154 76255232
443 1.6957 76357632
444 1.7002 76410880
445 1.795 76533760
446 1.8437 76742656
447 1.7769 76881920
448 1.7056 76886016
449 1.7348 77062144
450 1.7449 77123584
451 1.7199 77180928
452 1.733 77357056
453 1.7541 77447168
454 1.7632 77590528
455 1.7533 77733888
456 1.7584 77836288
457 1.7459 77946880
458 1.7454 78036992
459 1.7619 78114816
460 1.7555 78184448
461 1.757 78417920
462 1.7661 78499840
463 1.7677 78594048
464 1.7838 78979072
465 1.77 79069184
466 1.789 79187968
467 1.7917 79302656
468 1.8445 79482880
469 1.796 79671296
470 1.768 79667200
471 1.7931 79769600
472 1.7971 79900672
473 1.8163 80076800
474 1.8197 80175104
475 1.7963 80228352
476 1.8017 80347136
477 1.7929 80420864
478 1.8456 80568320
479 1.9599 80654336
480 1.8839 80777216
481 1.8284 80896000
482 1.839 81006592
483 1.8349 81108992
484 1.8587 81338368
485 1.8357 81383424
486 1.8334 81530880
487 1.8359 81592320
488 1.8374 81674240
489 1.8519 81821696
490 1.865 81997824
491 1.8578 82092032
492 1.8496 82173952
493 1.8584 82358272
494 1.8575 82407424
495 1.8839 82444288
496 1.8662 82624512
497 1.8877 82763776
498 1.886 82829312
499 1.8826 82997248
500 1.8751 83144704
501 1.8838 83214336
502 1.8936 83304448
503 1.9136 83509248
504 1.902 83484672
505 1.9494 83619840
506 1.9044 83750912
507 1.9089 83959808
508 1.8738 84242432
509 1.9122 84377600
510 1.9334 84488192
511 1.9144 84590592
512 1.9198 84811776
513 1.9254 84910080
514 1.9269 85028864
515 1.9665 85143552
516 2.0925 85209088
517 2.0119 85438464
518 1.9379 85524480
519 1.9587 85635072
520 1.9658 85794816
521 1.9835 85807104
522 1.9827 85966848
523 1.9805 86085632
524 1.9709 86253568
525 1.9491 86401024
526 1.9539 86491136
527 1.9694 86622208
528 1.9915 86663168
529 1.9853 86732800
530 2.0072 86855680
531 1.9718 86994944
532 1.9928 87187456
533 2.0139 87195648
534 1.9819 87302144
535 2.0124 87379968
536 2.0173 87502848
537 2.0615 87699456
538 2.0333 87687168
539 2.0223 87937024
540 2.0063 87986176
541 2.0239 88072192
542 2.0373 88199168
543 2.0106 88317952
544 2.0231 88449024
545 2.0272 88653824
546 2.0258 88743936
547 2.0474 88768512
548 2.0519 88875008
549 2.0362 89014272
550 2.0541 89124864
551 2.0369 89194496
552 2.0482 89362432
553 2.0538 89542656
554 2.0882 89628672
555 2.0531 89726976
556 2.0707 89608192
557 2.1089 89579520
558 2.1635 89575424
559 2.1385 89391104
560 2.1232 89358336
561 2.0651 89366528
562 2.0808 89391104
563 2.0885 89403392
564 2.0914 89440256
565 2.1188 89538560
566 2.0829 89735168
567 2.082 89804800
568 2.0912 89849856
569 2.1213 90058752
570 2.1488 90116096
571 2.1011 90214400
572 2.1069 90370048
573 2.1109 90365952
574 2.1134 90595328
575 2.1198 90787840
576 2.1394 91086848
577 2.1106 91168768
578 2.1368 91164672
579 2.1284 91410432
580 2.1459 91377664
581 2.1286 91578368
582 2.1376 91738112
583 2.16 91820032
584 2.1703 91844608
585 2.1389 92114944
586 2.1405 92110848
587 2.1419 92295168
588 2.1988 92368896
589 2.2511 92483584
590 2.267 92680192
591 2.1789 92733440
592 2.1567 92741632
593 2.1758 92852224
594 2.1768 93016064
595 2.1779 93077504
596 2.1837 93200384
597 2.2004 93581312
598 2.1825 93421568
599 2.1916 93569024
600 2.1937 93667328
601 2.1851 93782016
602 2.2141 94003200
603 2.2256 93978624
604 2.2068 94208000
605 2.2307 94314496
606 2.2092 94437376
607 2.2065 94437376
608 2.2118 94658560
609 2.1973 94662656
610 2.1994 94797824
611 2.2464 94851072
612 2.2272 95035392
613 2.2392 95105024
614 2.2814 95252480
615 2.2754 95416320
616 2.2739 95592448
617 2.2399 95686656
618 2.2688 95723520
619 2.2315 95866880
620 2.3254 96038912
621 2.4953 96006144
622 2.3185 96141312
623 2.2489 96272384
624 2.2649 96333824
625 2.2958 96608256
626 2.2689 96604160
627 2.304 96890880
628 2.2542 96821248
629 2.2925 96940032
630 2.3103 97062912
631 2.2971 97325056
632 2.3078 97271808
633 2.3361 97415168
634 2.3156 97484800
635 2.2956 97599488
636 2.2984 97730560
637 2.3225 97996800
638 2.3128 97955840
639 2.2917 98050048
640 2.3035 98168832
641 2.3229 98295808
642 2.3321 98426880
643 2.3247 98660352
644 2.3322 98664448
645 2.3206 98803712
646 2.3544 98795520
647 2.3486 98983936
648 2.348 99131392
649 2.3445 99229696
650 2.362 99323904
651 2.3585 99450880
652 2.3477 99557376
653 2.3492 99667968
654 2.3313 99823616
655 2.3642 99868672
656 2.3615 100003840
657 2.3898 100192256
658 2.392 100229120
659 2.386 100454400
660 2.3719 100499456
661 2.3752 100753408
662 2.494 100765696
663 2.5421 100929536
664 2.3983 100892672
665 2.4331 101167104
666 2.3864 101134336
667 2.4897 101249024
668 2.5436 101351424
669 2.4131 101511168
670 2.3857 101605376
671 2.394 101728256
672 2.3994 101822464
673 2.4039 101998592
674 2.4386 102039552
675 2.4142 102227968
676 2.4292 102395904
677 2.4174 102670336
678 2.4792 102789120
679 2.4673 102899712
680 2.4181 102981632
681 2.4323 103157760
682 2.4672 103350272
683 2.6208 103399424
684 2.5519 103485440
685 2.4781 103591936
686 2.4687 103763968
687 2.4449 103845888
688 2.4895 103923712
689 2.4836 104099840
690 2.5291 104239104
691 2.4725 104267776
692 2.479 104386560
693 2.48 104493056
694 2.4965 104660992
695 2.5014 104747008
696 2.5456 104837120
697 2.5015 104964096
698 2.4943 105091072
699 2.4926 105189376
700 2.5199 105312256
701 2.5194 105422848
702 2.5407 105537536
703 2.5116 105611264
704 2.5471 105766912
705 2.5138 105861120
706 2.5276 105959424
707 2.5367 106078208
708 2.5328 106184704
709 2.5293 106319872
710 2.5406 106430464
711 2.5574 106582016
712 2.5729 106688512
713 2.5493 106786816
714 2.6777 106971136
715 2.6235 107016192
716 2.5849 107110400
717 2.5396 107266048
718 2.5787 107347968
719 2.5715 107462656
720 2.5913 107601920
721 2.5792 107614208
722 2.5645 107814912
723 2.6011 108437504
724 2.5941 108548096
725 2.6123 108703744
726 2.6051 108834816
727 2.6026 108888064
728 2.6226 109002752
729 2.6118 109191168
730 2.5914 109232128
731 2.6157 109371392
732 2.6426 109453312
733 2.6341 109580288
734 2.6349 109731840
735 2.653 109768704
736 2.6625 109948928
737 2.6436 110039040
738 2.628 110133248
739 2.6322 110338048
740 2.6927 110366720
741 2.8473 110505984
742 2.9066 110604288
743 3.0464 110706688
744 3.142 110829568
745 3.375 110936064
746 3.6433 111054848
747 3.3893 111153152
748 3.2159 111267840
749 3.1393 111374336
750 2.7865 111517696
751 2.8221 111611904
752 2.8135 111775744
753 2.8395 111845376
754 2.8661 111972352
755 2.9186 112066560
756 2.7311 112173056
757 2.7314 112316416
758 2.7649 112373760
759 2.7746 112545792
760 2.7121 112594944
761 2.715 112754688
762 2.9522 112885760
763 2.9414 112992256
764 2.7729 113082368
765 2.7436 113205248
766 2.7533 113303552
767 2.7721 113442816
768 2.7396 113602560
769 2.7207 113750016
770 2.7099 113795072
771 2.7568 113897472
772 2.7812 114016256
773 2.7415 114024448
774 2.7531 114262016
775 2.7559 114409472
776 2.7471 114667520
777 2.7607 114601984
778 2.7807 114597888
779 2.7778 114839552
780 2.7927 114974720
781 2.7715 115064832
782 2.7975 115191808
783 3.0591 115159040
784 2.8248 115433472
785 2.7764 115539968
786 2.7859 115679232
787 2.8044 115691520
788 2.7753 115867648
789 2.8119 115851264
790 2.8074 115941376
791 2.8117 116166656
792 2.8132 116260864
793 2.8531 116412416
794 2.8252 116514816
795 2.8074 116592640
796 2.8263 116633600
797 2.8388 116789248
798 2.809 116895744
799 2.998 117043200
800 2.8442 117239808
801 2.839 117297152
802 2.8074 117506048
803 2.8365 117465088
804 3.0674 117547008
805 2.9156 117719040
806 2.8403 117846016
807 2.8318 118005760
808 2.8434 118042624
809 2.8941 118161408
810 2.8471 118349824
811 2.8608 118370304
812 2.8913 118534144
813 2.8608 118661120
814 2.862 118734848
815 2.909 118837248
816 3.012 118992896
817 2.8859 119209984
818 2.8721 119222272
819 2.8886 119312384
820 2.8691 119517184
821 2.8928 119517184
822 2.9028 119668736
823 2.9184 119783424
824 2.9051 119889920
825 2.8757 119963648
826 2.8951 120201216
827 2.9112 120262656
828 2.9149 120279040
829 2.9254 120569856
830 2.9283 120725504
831 2.9066 120664064
832 2.9621 120782848
833 3.1532 120852480
834 3.0268 120963072
835 2.9393 121176064
836 2.9327 121364480
837 2.9325 121352192
838 2.9467 121438208
839 2.9716 121585664
840 2.9625 121782272
841 2.9584 121872384
842 2.9789 121884672
843 2.9531 122015744
844 2.9911 122134528
845 2.9621 122302464
846 2.9873 122396672
847 3.01 122462208
848 2.9906 122609664
849 2.9508 122732544
850 2.9673 122953728
851 2.9791 122953728
852 3.0213 123023360
853 3.0113 123236352
854 3.0137 123232256
855 3.0585 123359232
856 3.1347 123465728
857 2.9834 123600896
858 3.0376 123842560
859 3.0075 123912192
860 3.0016 123932672
861 2.9984 124129280
862 3.1864 124162048
863 3.144 124256256
864 3.2032 124280832
865 3.2112 124567552
866 3.1151 124706816
867 3.0255 124780544
868 3.0564 124878848
869 3.0525 124968960
870 3.0301 125132800
871 3.0413 125227008
872 3.0423 125419520
873 3.0595 125435904
874 3.0618 125546496
875 3.0472 125689856
876 3.0782 125784064
877 3.0791 125931520
878 3.0642 125931520
879 3.0771 126132224
880 3.1007 126226432
881 3.0935 126373888
882 3.0844 126435328
883 3.0925 126586880
884 3.0786 126705664
885 3.0768 126824448
886 3.0849 126976000
887 3.1254 126992384
888 3.1262 127102976
889 3.1013 127188992
890 3.1083 127500288
891 3.1166 127569920
892 3.4204 127586304
893 3.221 127713280
894 3.438 127864832
895 3.2342 127913984
896 3.3602 128135168
897 3.4299 128188416
898 3.4166 128319488
899 3.4519 128425984
900 3.5457 128598016
901 3.4022 128651264
902 3.4976 128831488
903 3.4228 128819200
904 3.5454 128962560
905 3.6794 129122304
906 3.3459 129220608
907 3.5227 129318912
908 3.504 129392640
909 3.4209 129622016
910 3.1484 129658880
911 3.5872 129712128
912 3.3434 129884160
913 3.3778 129949696
914 3.3765 130228224
915 3.1909 130236416
916 3.2058 130285568
917 3.2035 130424832
918 3.3747 130600960
919 3.4468 130629632
920 3.7436 130797568
921 3.4163 130969600
922 3.7015 131043328
923 3.2777 131125248
924 3.3323 131223552
925 3.6296 131325952
926 3.2768 131526656
927 3.5099 131571712
928 3.4886 131682304
929 3.3956 131829760
930 3.4916 131973120
931 3.3213 132087808
932 3.418 132194304
933 3.4053 132829184
934 3.3092 133029888
935 3.2478 133005312
936 3.2107 133222400
937 3.2991 133283840
938 3.2578 133423104
939 3.2411 133468160
940 3.2766 133578752
941 3.2983 133713920
942 3.272 133857280
943 3.3115 133910528
944 3.3034 134008832
945 3.5563 134131712
946 3.4412 134283264
947 3.2977 134377472
948 3.3449 134557696
949 3.2781 134586368
950 3.2916 134746112
951 3.3331 134877184
952 3.3236 134909952
953 3.2933 135098368
954 3.2923 135221248
955 3.3867 135245824
956 3.2834 135393280
957 3.277 135479296
958 3.3387 135610368
959 3.3473 135737344
960 3.3319 135913472