1 0.0378 10895360
2 0.04 10907648
3 0.0431 10907648
4 0.0433 10940416
5 0.0452 10907648
6 0.0443 10993664
7 0.0407 10924032
8 0.0405 10903552
9 0.0427 10915840
10 0.0425 10911744
11 0.0437 11005952
12 0.044 10956800
13 0.0403 10907648
14 0.0403 10924032
15 0.0409 10940416
16 0.0425 10973184
17 0.04 10903552
18 0.04 10878976
19 0.0408 10907648
20 0.0431 10936320
21 0.04 10891264
22 0.0459 10973184
23 0.0441 10919936
24 0.0419 10932224
25 0.0403 10891264
26 0.0455 10919936
27 0.0433 10928128
28 0.0437 10993664
29 0.0403 10895360
30 0.0405 10928128
31 0.0458 11010048
32 0.0442 11005952
33 0.0424 10936320
34 0.0404 10944512
35 0.043 11030528
36 0.0415 10911744
37 0.0421 10936320
38 0.0404 10952704
39 0.0475 10993664
40 0.0444 11001856
41 0.0408 10969088
42 0.0445 10936320
43 0.042 11001856
44 0.041 10948608
45 0.0409 10960896
46 0.0445 10956800
47 0.0425 10969088
48 0.0454 11042816
49 0.0406 10928128
50 0.0434 10969088
51 0.047 11083776
52 0.0434 10989568
53 0.0474 11026432
54 0.0413 10964992
55 0.041 10960896
56 0.0428 10993664
57 0.0482 10969088
58 0.0421 10973184
59 0.0448 11079680
60 0.0453 11030528
61 0.0414 10964992
62 0.0413 10948608
63 0.0476 11091968
64 0.0442 10981376
65 0.046 11067392
66 0.0433 11005952
67 0.0419 11010048
68 0.0479 11071488
69 0.0446 10993664
70 0.0434 11010048
71 0.041 11005952
72 0.0443 11046912
73 0.042 10997760
74 0.0413 10981376
75 0.0447 11075584
76 0.044 11120640
77 0.0456 11071488
78 0.0417 10985472
79 0.0451 11014144
80 0.0423 11034624
81 0.051 11091968
82 0.0457 11055104
83 0.0448 11022336
84 0.0485 11137024
85 0.0426 11042816
86 0.0497 11161600
87 0.0425 11046912
88 0.0415 11051008
89 0.0474 11124736
90 0.0463 11071488
91 0.0429 11051008
92 0.0434 11051008
93 0.0496 11038720
94 0.043 11055104
95 0.0427 11022336
96 0.0422 11046912
97 0.0431 11055104
98 0.0456 11182080
99 0.0424 11063296
100 0.045 11124736
101 0.0448 11055104
102 0.0464 11145216
103 0.0451 11120640
104 0.0418 11071488
105 0.0432 11071488
106 0.0452 11124736
107 0.0454 11137024
108 0.0466 11079680
109 0.0418 11075584
110 0.0437 11100160
111 0.0483 11165696
112 0.0439 11100160
113 0.0432 11096064
114 0.0465 11091968
115 0.0468 11087872
116 0.0486 11124736
117 0.0465 11096064
118 0.0459 11096064
119 0.0457 11165696
120 0.0474 11100160
121 0.0497 11157504
122 0.0431 11112448
123 0.0456 11186176
124 0.0457 11137024
125 0.0425 11079680
126 0.0462 11100160
127 0.0431 11112448
128 0.0499 11214848
129 0.051 11227136
130 0.0433 11096064
131 0.0473 11116544
132 0.0484 11214848
133 0.0448 11149312
134 0.0467 11169792
135 0.0432 11132928
136 0.0452 11132928
137 0.0431 11141120
138 0.0456 11157504
139 0.0439 11132928
140 0.0473 11128832
141 0.046 11227136
142 0.0476 11231232
143 0.0429 11137024
144 0.0436 11145216
145 0.0449 11182080
146 0.0478 11243520
147 0.0438 11186176
148 0.0442 11169792
149 0.0432 11149312
150 0.0474 11206656
151 0.0486 11218944
152 0.0442 11165696
153 0.0556 11223040
154 0.0441 11194368
155 0.0448 11206656
156 0.0459 11169792
157 0.0439 11149312
158 0.0436 11149312
159 0.0441 11153408
160 0.0449 11280384
161 0.0487 11247616
162 0.0445 11194368
163 0.0444 11194368
164 0.0458 11198464
165 0.0548 11313152
166 0.0472 11210752
167 0.045 11190272
168 0.0462 11194368
169 0.0458 11214848
170 0.0471 11280384
171 0.0472 11276288
172 0.0448 11202560
173 0.0468 11190272
174 0.0436 11210752
175 0.0529 11255808
176 0.0462 11251712
177 0.045 11202560
178 0.0456 11210752
179 0.045 11210752
180 0.0491 11325440
181 0.0467 11247616
182 0.0465 11329536
183 0.0444 11218944
184 0.0448 11218944
185 0.0509 11214848
186 0.045 11214848
187 0.0483 11218944
188 0.0478 11214848
189 0.0496 11243520
190 0.0486 11251712
191 0.0487 11296768
192 0.0449 11239424
193 0.0458 11235328
194 0.0452 11247616
195 0.0476 11292672
196 0.0492 11268096
197 0.0455 11235328
198 0.047 11235328
199 0.045 11239424
200 0.0454 11251712
201 0.0501 11354112
202 0.0451 11227136
203 0.0452 11247616
204 0.0451 11247616
205 0.0488 11366400
206 0.0496 11288576
207 0.045 11235328
208 0.0456 11264000
209 0.0547 11354112
210 0.0534 11296768
211 0.0518 11309056
212 0.0459 11272192
213 0.0449 11280384
214 0.0456 11317248
215 0.052 11350016
216 0.0495 11309056
217 0.0455 11288576
218 0.0507 11272192
219 0.0458 11276288
220 0.0494 11288576
221 0.0479 11325440
222 0.0488 11288576
223 0.0464 11292672
224 0.0457 11284480
225 0.0491 11317248
226 0.0505 11345920
227 0.0493 11300864
228 0.0465 11325440
229 0.0494 11296768
230 0.0494 11415552
231 0.0537 11354112
232 0.0462 11296768
233 0.0457 11309056
234 0.0454 11313152
235 0.0489 11317248
236 0.0491 11411456
237 0.0458 11325440
238 0.0482 11325440
239 0.046 11296768
240 0.0494 11362304
241 0.0532 11390976
242 0.0537 11395072
243 0.0494 11313152
244 0.049 11317248
245 0.0472 11390976
246 0.0504 11325440
247 0.0496 11313152
248 0.0465 11321344
249 0.0498 11329536
250 0.0487 11419648
251 0.0483 11427840
252 0.0495 11362304
253 0.0463 11313152
254 0.051 11337728
255 0.0515 11415552
256 0.0511 11395072
257 0.0537 11399168
258 0.0463 11366400
259 0.0475 11362304
260 0.0464 11370496
261 0.0486 11358208
262 0.0557 11440128
263 0.0506 11362304
264 0.0464 11366400
265 0.0473 11354112
266 0.0476 11411456
267 0.0517 11427840
268 0.0484 11378688
269 0.0501 11382784
270 0.0471 11366400
271 0.0488 11444224
272 0.0499 11366400
273 0.0537 11415552
274 0.0475 11382784
275 0.0468 11390976
276 0.0474 11382784
277 0.0519 11378688
278 0.0474 11448320
279 0.0501 11386880
280 0.0511 11382784
281 0.0473 11436032
282 0.0472 11374592
283 0.0503 11472896
284 0.0469 11395072
285 0.0522 11460608
286 0.0479 11403264
287 0.0533 11530240
288 0.0536 11407360
289 0.0578 11517952
290 0.0481 11395072
291 0.0486 11411456
292 0.0479 11431936
293 0.0531 11493376
294 0.0544 11464704
295 0.0512 11456512
296 0.0534 11472896
297 0.0483 11436032
298 0.0483 11444224
299 0.0542 11456512
300 0.052 11485184
301 0.0517 11460608
302 0.0525 11431936
303 0.049 11436032
304 0.0495 11436032
305 0.0537 11464704
306 0.0512 11448320
307 0.0569 11505664
308 0.0485 11440128
309 0.0522 11456512
310 0.0496 11448320
311 0.0518 11444224
312 0.0522 11542528
313 0.0555 11513856
314 0.0494 11456512
315 0.0499 11456512
316 0.048 11456512
317 0.0502 11546624
318 0.0517 11550720
319 0.0585 11538432
320 0.0494 11485184
321 0.0491 11481088
322 0.0557 11468800
323 0.0534 11522048
324 0.0482 11489280
325 0.0551 11554816
326 0.049 11468800
327 0.0494 11448320
328 0.0507 11481088
329 0.0547 11534336
330 0.0479 11485184
331 0.0518 11538432
332 0.049 11497472
333 0.0518 11530240
334 0.0497 11476992
335 0.0528 11628544
336 0.057 11485184
337 0.0529 11591680
338 0.0482 11497472
339 0.0485 11497472
340 0.0483 11517952
341 0.0495 11497472
342 0.0533 11505664
343 0.0564 11571200
344 0.0494 11513856
345 0.0498 11530240
346 0.0484 11526144
347 0.0498 11538432
348 0.0514 11608064
349 0.054 11628544
350 0.0491 11493376
351 0.0517 11534336
352 0.0529 11530240
353 0.049 11526144
354 0.05 11653120
355 0.0509 11563008
356 0.0513 11567104
357 0.0496 11534336
358 0.0496 11526144
359 0.0505 11546624
360 0.0527 11657216
361 0.0537 11538432
362 0.0499 11534336
363 0.0533 11538432
364 0.0495 11554816
365 0.0519 11583488
366 0.0546 11612160
367 0.0501 11554816
368 0.0523 11587584
369 0.0531 11542528
370 0.051 11554816
371 0.0499 11550720
372 0.05 11599872
373 0.0515 11587584
374 0.0585 11644928
375 0.0531 11632640
376 0.0503 11550720
377 0.0499 11563008
378 0.0564 11591680
379 0.0533 11624448
380 0.0503 11571200
381 0.0499 11542528
382 0.05 11567104
383 0.05 11575296
384 0.0526 11628544
385 0.0524 11649024
386 0.0545 11710464
387 0.0535 11612160
388 0.0564 11661312
389 0.0501 11591680
390 0.0499 11603968
391 0.0542 11599872
392 0.0505 11636736
393 0.0538 11616256
394 0.0553 11685888
395 0.0538 11665408
396 0.0503 11583488
397 0.0508 11603968
398 0.0503 11583488
399 0.0523 11677696
400 0.053 11702272
401 0.0548 11632640
402 0.0543 11710464
403 0.0506 11628544
404 0.0504 11628544
405 0.0544 11636736
406 0.0516 11632640
407 0.0544 11726848
408 0.0565 11730944
409 0.0515 11612160
410 0.0503 11595776
411 0.0538 11624448
412 0.0508 11616256
413 0.0538 11681792
414 0.0599 11722752
415 0.0538 11694080
416 0.0533 11706368
417 0.0541 11640832
418 0.0513 11644928
419 0.0505 11649024
420 0.0515 11710464
421 0.052 11735040
422 0.0564 11681792
423 0.0517 11632640
424 0.0557 11644928
425 0.0531 11657216
426 0.0516 11673600
427 0.0526 11751424
428 0.0519 11702272
429 0.052 11673600
430 0.052 11673600
431 0.0534 11694080
432 0.0519 11735040
433 0.054 11669504
434 0.0521 11739136
435 0.0518 11702272
436 0.0513 11669504
437 0.0523 11788288
438 0.0539 11776000
439 0.0528 11771904
440 0.0533 11706368
441 0.0528 11694080
442 0.0525 11694080
443 0.0533 11698176
444 0.0512 11673600
445 0.0588 11771904
446 0.0525 11702272
447 0.0552 11718656
448 0.0523 11710464
449 0.0539 11718656
450 0.0556 11800576
451 0.0597 11714560
452 0.0566 11812864
453 0.0587 11808768
454 0.052 11694080
455 0.0527 11706368
456 0.0518 11714560
457 0.0564 11730944
458 0.0549 11755520
459 0.0556 11751424
460 0.0528 11722752
461 0.0621 11829248
462 0.0541 11751424
463 0.0532 11784192
464 0.0521 11739136
465 0.0561 11747328
466 0.053 11804672
467 0.0649 11816960
468 0.0564 11751424
469 0.0575 11796480
470 0.0583 11862016
471 0.0546 11788288
472 0.0549 11776000
473 0.0519 11718656
474 0.0605 11788288
475 0.0553 11751424
476 0.0531 11792384
477 0.0537 11739136
478 0.0557 11747328
479 0.0612 11829248
480 0.0534 11771904
481 0.0526 11739136
482 0.0523 11771904
483 0.054 11776000
484 0.0535 11845632
485 0.0564 11870208
486 0.0554 11845632
487 0.0577 11849728
488 0.0549 11816960
489 0.0562 11792384
490 0.0553 11788288
491 0.0559 11853824
492 0.0556 11829248
493 0.0564 11853824
494 0.0566 11862016
495 0.0588 11812864
496 0.0575 11857920
497 0.0533 11776000
498 0.0558 11808768
499 0.0587 11788288
500 0.0561 11808768
501 0.0552 11821056
502 0.055 11882496
503 0.0612 11796480
504 0.0537 11796480
505 0.062 11915264
506 0.0538 11804672
507 0.0537 11812864
508 0.0569 11812864
509 0.0542 11812864
510 0.0553 11866112
511 0.057 11878400
512 0.0554 11898880
513 0.0813 11948032
514 0.0549 11874304
515 0.0587 11948032
516 0.0612 11894784
517 0.0594 11866112
518 0.0574 11898880
519 0.0537 11825152
520 0.0532 11804672
521 0.054 11845632
522 0.0541 11845632
523 0.0694 11956224
524 0.0582 11894784
525 0.0564 11935744
526 0.0541 11833344
527 0.059 11902976
528 0.0599 11956224
529 0.0592 11968512
530 0.0569 11853824
531 0.0551 11841536
532 0.0541 11829248
533 0.0551 11849728
534 0.0567 11948032
535 0.0595 11919360
536 0.0593 11915264
537 0.058 11993088
538 0.0602 11911168
539 0.0615 11943936
540 0.0543 11841536
541 0.0549 11862016
542 0.0547 11862016
543 0.055 11890688
544 0.0599 11952128
545 0.0616 12001280
546 0.0556 12005376
547 0.0617 11964416
548 0.0608 11907072
549 0.0636 12013568
550 0.0636 11935744
551 0.0591 11960320
552 0.0547 11882496
553 0.0545 11890688
554 0.0548 11898880
555 0.0562 11886592
556 0.0562 11935744
557 0.0584 11976704
558 0.0594 12001280
559 0.0568 11956224
560 0.0578 11939840
561 0.0586 11948032
562 0.055 11907072
563 0.0555 11907072
564 0.0548 11915264
565 0.0546 11894784
566 0.0587 11931648
567 0.0632 11960320
568 0.0585 12001280
569 0.0604 12005376
570 0.0608 12009472
571 0.0655 12038144
572 0.0597 12013568
573 0.0556 11907072
574 0.0549 11931648
575 0.0556 11915264
576 0.0555 11952128
577 0.0611 12034048
578 0.0584 11960320
579 0.0562 12038144
580 0.0578 12013568
581 0.0606 12005376
582 0.0616 12107776
583 0.0637 12050432
584 0.0561 11964416
585 0.0562 11976704
586 0.0561 11993088
587 0.0567 11976704
588 0.061 12013568
589 0.0573 12005376
590 0.0597 11984896
591 0.0572 12070912
592 0.0558 11993088
593 0.0615 12120064
594 0.0594 12029952
595 0.0558 11980800
596 0.0554 11956224
597 0.056 11988992
598 0.0564 11984896
599 0.0615 12013568
600 0.0625 12046336
601 0.0573 12001280
602 0.0606 12058624
603 0.0592 12083200
604 0.0619 12111872
605 0.0643 12046336
606 0.0605 12046336
607 0.0583 12038144
608 0.0553 11976704
609 0.0563 12017664
610 0.0596 12009472
611 0.0561 12005376
612 0.0585 12062720
613 0.0601 12046336
614 0.0585 12115968
615 0.0608 12079104
616 0.0601 12017664
617 0.063 12169216
618 0.0604 12058624
619 0.0591 12103680
620 0.0573 12050432
621 0.0577 12066816
622 0.0575 12062720
623 0.0557 12042240
624 0.0565 12079104
625 0.0608 12132352
626 0.0612 12107776
627 0.0586 12136448
628 0.0622 12075008
629 0.062 12259328
630 0.0622 12210176
631 0.0627 12169216
632 0.0601 12181504
633 0.0574 12062720
634 0.0575 12062720
635 0.0569 12083200
636 0.0568 12038144
637 0.0579 12079104
638 0.0573 12107776
639 0.0576 12136448
640 0.064 12115968
641 0.0573 12083200
642 0.0598 12210176
643 0.0593 12173312
644 0.067 12132352
645 0.0621 12193792
646 0.0604 12091392
647 0.0582 12087296
648 0.0582 12087296
649 0.0567 12066816
650 0.0583 12115968
651 0.0627 12115968
652 0.0612 12193792
653 0.0624 12242944
654 0.0585 12247040
655 0.0611 12214272
656 0.0643 12226560
657 0.0605 12214272
658 0.0612 12128256
659 0.066 12267520
660 0.0633 12324864
661 0.0622 12308480
662 0.064 12341248
663 0.0665 12210176
664 0.0584 12120064
665 0.0616 12177408
666 0.0608 12136448
667 0.0585 12156928
668 0.0615 12148736
669 0.0608 12136448
670 0.0578 12173312
671 0.0623 12181504
672 0.0638 12185600
673 0.0651 12271616
674 0.0617 12275712
675 0.0614 12238848
676 0.064 12312576
677 0.0605 12156928
678 0.0638 12222464
679 0.0667 12308480
680 0.0638 12206080
681 0.0631 12222464
682 0.0632 12353536
683 0.0634 12263424
684 0.0616 12255232
685 0.0584 12185600
686 0.0603 12226560
687 0.0611 12201984
688 0.0578 12152832
689 0.0618 12181504
690 0.0585 12177408
691 0.059 12201984
692 0.0591 12230656
693 0.0637 12296192
694 0.0595 12296192
695 0.0629 12279808
696 0.0616 12378112
697 0.0644 12316672
698 0.0636 12394496
699 0.0643 12378112
700 0.0674 12365824
701 0.0625 12320768
702 0.0634 12345344
703 0.0604 12201984
704 0.0589 12189696
705 0.0586 12210176
706 0.0583 12218368
707 0.0584 12214272
708 0.06 12185600
709 0.0633 12267520
710 0.0648 12288000
711 0.062 12234752
712 0.0636 12300288
713 0.0597 12328960
714 0.0596 12218368
715 0.0624 12361728
716 0.0644 12353536
717 0.0614 12218368
718 0.0668 12357632
719 0.059 12259328
720 0.0594 12197888
721 0.0582 12238848
722 0.0596 12230656
723 0.0631 12238848
724 0.0597 12251136
725 0.0643 12324864
726 0.061 12308480
727 0.0614 12341248
728 0.0689 12455936
729 0.0612 12255232
730 0.0617 12226560
731 0.0624 12222464
732 0.0672 12296192
733 0.0675 12365824
734 0.0681 12288000
735 0.0642 12337152
736 0.0612 12226560
737 0.0656 12374016
738 0.0647 12386304
739 0.0627 12374016
740 0.0602 12226560
741 0.0599 12234752
742 0.0597 12226560
743 0.0598 12242944
744 0.0596 12247040
745 0.0633 12263424
746 0.0642 12345344
747 0.0625 12292096
748 0.0605 12300288
749 0.0612 12275712
750 0.0643 12251136
751 0.0638 12259328
752 0.0647 12427264
753 0.0643 12333056
754 0.0657 12406784
755 0.0661 12443648
756 0.0654 12386304
757 0.0653 12398592
758 0.0656 12324864
759 0.0634 12402688
760 0.0633 12357632
761 0.0613 12267520
762 0.0607 12267520
763 0.0601 12251136
764 0.0635 12263424
765 0.0638 12275712
766 0.0611 12263424
767 0.0608 12288000
768 0.0611 12292096
769 0.0625 12296192
770 0.0621 12324864
771 0.063 12345344
772 0.0615 12333056
773 0.0685 12431360
774 0.0607 12263424
775 0.0655 12374016
776 0.0602 12267520
777 0.0661 12529664
778 0.0673 12374016
779 0.0617 12324864
780 0.061 12320768
781 0.0665 12357632
782 0.0698 12496896
783 0.0666 12349440
784 0.0722 12627968
785 0.0666 12533760
786 0.0672 12529664
787 0.0667 12554240
788 0.0705 12513280
789 0.068 12480512
790 0.0711 12562432
791 0.0705 12587008
792 0.0639 12460032
793 0.0608 12320768
794 0.0615 12337152
795 0.0621 12341248
796 0.0605 12341248
797 0.0661 12341248
798 0.0625 12345344
799 0.0613 12345344
800 0.0618 12345344
801 0.062 12345344
802 0.0618 12353536
803 0.0624 12353536
804 0.0654 12402688
805 0.0656 12402688
806 0.062 12447744
807 0.0621 12345344
808 0.0626 12382208
809 0.0645 12345344
810 0.0652 12398592
811 0.0647 12369920
812 0.0642 12410880
813 0.0641 12439552
814 0.064 12521472
815 0.0675 12517376
816 0.0677 12541952
817 0.0666 12447744
818 0.0656 12533760
819 0.0678 12472320
820 0.0651 12496896
821 0.0706 12546048
822 0.0684 12554240
823 0.0644 12533760
824 0.0648 12582912
825 0.0725 12476416
826 0.0673 12435456
827 0.0683 12541952
828 0.0717 12533760
829 0.0677 12435456
830 0.0623 12398592
831 0.0675 12460032
832 0.0681 12550144
833 0.0675 12533760
834 0.0681 12455936
835 0.065 12558336
836 0.0701 12496896
837 0.065 12398592
838 0.0656 12558336
839 0.0649 12541952
840 0.0654 12484608
841 0.0651 12550144
842 0.0653 12496896
843 0.0678 12554240
844 0.0773 12509184
845 0.0679 12574720
846 0.067 12517376
847 0.0625 12398592
848 0.0657 12517376
849 0.0655 12414976
850 0.0667 12509184
851 0.0681 12492800
852 0.0662 12578816
853 0.0676 12603392
854 0.0629 12460032
855 0.0715 12632064
856 0.0684 12627968
857 0.0688 12558336
858 0.0734 12603392
859 0.0682 12566528
860 0.0661 12480512
861 0.0641 12505088
862 0.0681 12591104
863 0.0625 12455936
864 0.0666 12500992
865 0.0628 12460032
866 0.0686 12517376
867 0.0655 12505088
868 0.0664 12574720
869 0.0675 12623872
870 0.0663 12619776
871 0.0678 12562432
872 0.0667 12652544
873 0.0736 12525568
874 0.0643 12529664
875 0.0656 12603392
876 0.0682 12607488
877 0.0656 12558336
878 0.0642 12550144
879 0.0642 12521472
880 0.067 12570624
881 0.0644 12599296
882 0.0657 12533760
883 0.0668 12619776
884 0.0679 12587008
885 0.0648 12529664
886 0.0678 12521472
887 0.0691 12611584
888 0.0674 12529664
889 0.0667 12582912
890 0.0668 12636160
891 0.0672 12521472
892 0.0657 12595200
893 0.0657 12607488
894 0.0665 12546048
895 0.0663 12582912
896 0.068 12582912
897 0.0692 12599296
898 0.066 12587008
899 0.0668 12595200
900 0.0678 12607488
901 0.0657 12537856
902 0.0658 12627968
903 0.0665 12627968
904 0.0688 12677120
905 0.0693 12574720
906 0.0678 12664832
907 0.0747 12787712
908 0.0651 12623872
909 0.0712 12652544
910 0.0664 12603392
911 0.0655 12582912
912 0.0672 12697600
913 0.0651 12578816
914 0.0682 12632064
915 0.0726 12705792
916 0.064 12611584
917 0.0641 12619776
918 0.0695 12656640
919 0.07 12636160
920 0.0649 12603392
921 0.0646 12595200
922 0.0665 12652544
923 0.0649 12607488
924 0.0685 12615680
925 0.0683 12619776
926 0.0664 12599296
927 0.0645 12632064
928 0.0754 12693504
929 0.0674 12627968
930 0.0674 12599296
931 0.0688 12648448
932 0.0671 12681216
933 0.0653 12595200
934 0.0645 12607488
935 0.068 12632064
936 0.068 12595200
937 0.065 12611584
938 0.065 12644352
939 0.0681 12627968
940 0.0656 12677120
941 0.0639 12611584
942 0.0652 12611584
943 0.0684 12640256
944 0.0704 12689408
945 0.0692 12697600
946 0.0695 12668928
947 0.065 12627968
948 0.0661 12627968
949 0.0725 12619776
950 0.0687 12619776
951 0.0648 12636160
952 0.066 12644352
953 0.0665 12656640
954 0.0661 12648448
955 0.0683 12632064
956 0.0691 12632064
957 0.0649 12636160
958 0.0662 12623872
959 0.0657 12668928
960 0.0657 12656640
961 0.0652 12668928
962 0.0694 12660736
963 0.0696 12783616
964 0.0687 12668928
965 0.067 12685312
966 0.0654 12640256
967 0.0656 12677120
968 0.0669 12668928
969 0.0701 12709888
970 0.0675 12685312
971 0.0663 12681216
972 0.0663 12685312
973 0.069 12689408
974 0.0664 12713984
975 0.0658 12705792
976 0.0668 12681216
977 0.0708 12685312
978 0.0823 12771328
979 0.07 12763136
980 0.0714 12836864
981 0.0705 12775424
982 0.0676 12689408
983 0.0698 12689408
984 0.0675 12689408
985 0.0677 12800000
986 0.0673 12718080
987 0.0667 12791808
988 0.0704 12816384
989 0.0684 12804096
990 0.0719 12779520
991 0.0673 12697600
992 0.0716 12820480
993 0.0667 12701696
994 0.0694 12742656
995 0.0672 12689408
996 0.0667 12689408
997 0.0669 12697600
998 0.0671 12705792
999 0.0665 12722176
1000 0.0665 12705792